#           k/h    P           
   0.100000E-03   0.449893E+03
   0.102020E-03   0.458620E+03
   0.104081E-03   0.467516E+03
   0.106184E-03   0.476584E+03
   0.108329E-03   0.485828E+03
   0.110517E-03   0.495251E+03
   0.112750E-03   0.504856E+03
   0.115027E-03   0.514648E+03
   0.117351E-03   0.524629E+03
   0.119722E-03   0.534803E+03
   0.122140E-03   0.545175E+03
   0.124608E-03   0.555747E+03
   0.127125E-03   0.566524E+03
   0.129693E-03   0.577509E+03
   0.132313E-03   0.588707E+03
   0.134986E-03   0.600122E+03
   0.137713E-03   0.611757E+03
   0.140495E-03   0.623618E+03
   0.143333E-03   0.635708E+03
   0.146228E-03   0.648032E+03
   0.149182E-03   0.660595E+03
   0.152196E-03   0.673400E+03
   0.155271E-03   0.686453E+03
   0.158407E-03   0.699758E+03
   0.161607E-03   0.713321E+03
   0.164872E-03   0.727145E+03
   0.168203E-03   0.741237E+03
   0.171601E-03   0.755601E+03
   0.175067E-03   0.770243E+03
   0.178604E-03   0.785167E+03
   0.182212E-03   0.800379E+03
   0.185893E-03   0.815885E+03
   0.189648E-03   0.831690E+03
   0.193479E-03   0.847801E+03
   0.197388E-03   0.864222E+03
   0.201375E-03   0.880960E+03
   0.205443E-03   0.898020E+03
   0.209594E-03   0.915410E+03
   0.213828E-03   0.933135E+03
   0.218147E-03   0.951201E+03
   0.222554E-03   0.969615E+03
   0.227050E-03   0.988384E+03
   0.231637E-03   0.100751E+04
   0.236316E-03   0.102701E+04
   0.241090E-03   0.104689E+04
   0.245960E-03   0.106714E+04
   0.250929E-03   0.108779E+04
   0.255998E-03   0.110883E+04
   0.261170E-03   0.113027E+04
   0.266446E-03   0.115213E+04
   0.271828E-03   0.117441E+04
   0.277319E-03   0.119711E+04
   0.282922E-03   0.122025E+04
   0.288637E-03   0.124384E+04
   0.294468E-03   0.126787E+04
   0.300417E-03   0.129237E+04
   0.306485E-03   0.131733E+04
   0.312677E-03   0.134277E+04
   0.318993E-03   0.136870E+04
   0.325437E-03   0.139513E+04
   0.332012E-03   0.142206E+04
   0.338719E-03   0.144950E+04
   0.345561E-03   0.147747E+04
   0.352542E-03   0.150597E+04
   0.359664E-03   0.153501E+04
   0.366930E-03   0.156460E+04
   0.374342E-03   0.159476E+04
   0.381904E-03   0.162549E+04
   0.389619E-03   0.165681E+04
   0.397490E-03   0.168872E+04
   0.405520E-03   0.172124E+04
   0.413712E-03   0.175437E+04
   0.422070E-03   0.178813E+04
   0.430596E-03   0.182253E+04
   0.439295E-03   0.185757E+04
   0.448169E-03   0.189328E+04
   0.457222E-03   0.192967E+04
   0.466459E-03   0.196674E+04
   0.475882E-03   0.200450E+04
   0.485496E-03   0.204298E+04
   0.495303E-03   0.208218E+04
   0.505309E-03   0.212212E+04
   0.515517E-03   0.216280E+04
   0.525931E-03   0.220425E+04
   0.536556E-03   0.224647E+04
   0.547395E-03   0.228948E+04
   0.558453E-03   0.233329E+04
   0.569734E-03   0.237792E+04
   0.581244E-03   0.242338E+04
   0.592986E-03   0.246969E+04
   0.604965E-03   0.251685E+04
   0.617186E-03   0.256489E+04
   0.629654E-03   0.261382E+04
   0.642374E-03   0.266365E+04
   0.655350E-03   0.271439E+04
   0.668589E-03   0.276608E+04
   0.682096E-03   0.281871E+04
   0.695875E-03   0.287231E+04
   0.709933E-03   0.292689E+04
   0.724274E-03   0.298247E+04
   0.738906E-03   0.303906E+04
   0.753832E-03   0.309669E+04
   0.769061E-03   0.315536E+04
   0.784597E-03   0.321510E+04
   0.800447E-03   0.327592E+04
   0.816617E-03   0.333784E+04
   0.833114E-03   0.340088E+04
   0.849944E-03   0.346505E+04
   0.867114E-03   0.353037E+04
   0.884631E-03   0.359686E+04
   0.902501E-03   0.366455E+04
   0.920733E-03   0.373343E+04
   0.939333E-03   0.380354E+04
   0.958309E-03   0.387490E+04
   0.977668E-03   0.394751E+04
   0.997418E-03   0.402141E+04
   0.101757E-02   0.409661E+04
   0.103812E-02   0.417312E+04
   0.105910E-02   0.425098E+04
   0.108049E-02   0.433019E+04
   0.110232E-02   0.441078E+04
   0.112459E-02   0.449277E+04
   0.114730E-02   0.457617E+04
   0.117048E-02   0.466100E+04
   0.119413E-02   0.474729E+04
   0.121825E-02   0.483505E+04
   0.124286E-02   0.492431E+04
   0.126797E-02   0.501507E+04
   0.129358E-02   0.510737E+04
   0.131971E-02   0.520121E+04
   0.134637E-02   0.529663E+04
   0.137357E-02   0.539364E+04
   0.140132E-02   0.549225E+04
   0.142963E-02   0.559250E+04
   0.145851E-02   0.569439E+04
   0.148797E-02   0.579795E+04
   0.151803E-02   0.590319E+04
   0.154870E-02   0.601014E+04
   0.157998E-02   0.611881E+04
   0.161190E-02   0.622922E+04
   0.164446E-02   0.634139E+04
   0.167768E-02   0.645534E+04
   0.171158E-02   0.657107E+04
   0.174615E-02   0.668861E+04
   0.178143E-02   0.680798E+04
   0.181741E-02   0.692918E+04
   0.185413E-02   0.705224E+04
   0.189158E-02   0.717718E+04
   0.192980E-02   0.730400E+04
   0.196878E-02   0.743272E+04
   0.200855E-02   0.756335E+04
   0.204913E-02   0.769592E+04
   0.209052E-02   0.783043E+04
   0.213276E-02   0.796689E+04
   0.217584E-02   0.810532E+04
   0.221979E-02   0.824573E+04
   0.226464E-02   0.838812E+04
   0.231039E-02   0.853250E+04
   0.235706E-02   0.867888E+04
   0.240467E-02   0.882727E+04
   0.245325E-02   0.897767E+04
   0.250281E-02   0.913008E+04
   0.255337E-02   0.928452E+04
   0.260495E-02   0.944098E+04
   0.265758E-02   0.959947E+04
   0.271126E-02   0.975998E+04
   0.276603E-02   0.992252E+04
   0.282191E-02   0.100871E+05
   0.287892E-02   0.102537E+05
   0.293708E-02   0.104223E+05
   0.299641E-02   0.105929E+05
   0.305694E-02   0.107656E+05
   0.311870E-02   0.109402E+05
   0.318170E-02   0.111168E+05
   0.324597E-02   0.112954E+05
   0.331155E-02   0.114760E+05
   0.337844E-02   0.116584E+05
   0.344669E-02   0.118428E+05
   0.351632E-02   0.120291E+05
   0.358735E-02   0.122173E+05
   0.365982E-02   0.124073E+05
   0.373376E-02   0.125991E+05
   0.380918E-02   0.127928E+05
   0.388613E-02   0.129881E+05
   0.396464E-02   0.131853E+05
   0.404473E-02   0.133841E+05
   0.412644E-02   0.135846E+05
   0.420980E-02   0.137867E+05
   0.429484E-02   0.139904E+05
   0.438160E-02   0.141956E+05
   0.447012E-02   0.144023E+05
   0.456042E-02   0.146104E+05
   0.465255E-02   0.148199E+05
   0.474653E-02   0.150307E+05
   0.484242E-02   0.152427E+05
   0.494024E-02   0.154559E+05
   0.504004E-02   0.156703E+05
   0.514186E-02   0.158856E+05
   0.524573E-02   0.161020E+05
   0.535170E-02   0.163192E+05
   0.545981E-02   0.165372E+05
   0.557011E-02   0.167559E+05
   0.568263E-02   0.169753E+05
   0.579743E-02   0.171952E+05
   0.591455E-02   0.174155E+05
   0.603403E-02   0.176361E+05
   0.615592E-02   0.178570E+05
   0.628028E-02   0.180780E+05
   0.640715E-02   0.182990E+05
   0.653658E-02   0.185198E+05
   0.666863E-02   0.187404E+05
   0.680335E-02   0.189607E+05
   0.694078E-02   0.191804E+05
   0.708100E-02   0.193995E+05
   0.722404E-02   0.196178E+05
   0.736998E-02   0.198351E+05
   0.751886E-02   0.200514E+05
   0.767075E-02   0.202664E+05
   0.782571E-02   0.204800E+05
   0.798380E-02   0.206920E+05
   0.814509E-02   0.209022E+05
   0.830963E-02   0.211106E+05
   0.847750E-02   0.213168E+05
   0.864875E-02   0.215207E+05
   0.882347E-02   0.217221E+05
   0.900171E-02   0.219209E+05
   0.918356E-02   0.221167E+05
   0.936908E-02   0.223094E+05
   0.955835E-02   0.224988E+05
   0.975144E-02   0.226847E+05
   0.994843E-02   0.228667E+05
   0.101494E-01   0.230448E+05
   0.103544E-01   0.232187E+05
   0.105636E-01   0.233881E+05
   0.107770E-01   0.235528E+05
   0.109947E-01   0.237125E+05
   0.112168E-01   0.238670E+05
   0.114434E-01   0.240160E+05
   0.116746E-01   0.241593E+05
   0.119104E-01   0.242966E+05
   0.121510E-01   0.244276E+05
   0.123965E-01   0.245521E+05
   0.126469E-01   0.246697E+05
   0.129024E-01   0.247803E+05
   0.131631E-01   0.248835E+05
   0.134290E-01   0.249791E+05
   0.137003E-01   0.250668E+05
   0.139770E-01   0.251463E+05
   0.142594E-01   0.252173E+05
   0.145474E-01   0.252796E+05
   0.148413E-01   0.253328E+05
   0.151411E-01   0.253768E+05
   0.154470E-01   0.254112E+05
   0.157590E-01   0.254358E+05
   0.160774E-01   0.254503E+05
   0.164022E-01   0.254545E+05
   0.167335E-01   0.254482E+05
   0.170716E-01   0.254311E+05
   0.174164E-01   0.254031E+05
   0.177683E-01   0.253638E+05
   0.181272E-01   0.253132E+05
   0.184934E-01   0.252511E+05
   0.188670E-01   0.251772E+05
   0.192481E-01   0.250916E+05
   0.196370E-01   0.249940E+05
   0.200337E-01   0.248844E+05
   0.204384E-01   0.247627E+05
   0.208513E-01   0.246289E+05
   0.212725E-01   0.244830E+05
   0.217022E-01   0.243250E+05
   0.221406E-01   0.241550E+05
   0.225879E-01   0.239730E+05
   0.230442E-01   0.237793E+05
   0.235097E-01   0.235739E+05
   0.239847E-01   0.233570E+05
   0.244692E-01   0.231290E+05
   0.249635E-01   0.228901E+05
   0.254678E-01   0.226407E+05
   0.259823E-01   0.223810E+05
   0.265072E-01   0.221117E+05
   0.270426E-01   0.218330E+05
   0.275889E-01   0.215456E+05
   0.281463E-01   0.212500E+05
   0.287149E-01   0.209469E+05
   0.292949E-01   0.206368E+05
   0.298867E-01   0.203206E+05
   0.304905E-01   0.199988E+05
   0.311064E-01   0.196724E+05
   0.317348E-01   0.193422E+05
   0.323759E-01   0.190089E+05
   0.330299E-01   0.186735E+05
   0.336972E-01   0.183369E+05
   0.343779E-01   0.179999E+05
   0.350724E-01   0.176636E+05
   0.357809E-01   0.173293E+05
   0.365038E-01   0.169964E+05
   0.372412E-01   0.166646E+05
   0.379935E-01   0.163356E+05
   0.387610E-01   0.160110E+05
   0.395440E-01   0.156926E+05
   0.403429E-01   0.153813E+05
   0.411579E-01   0.150778E+05
   0.419893E-01   0.147832E+05
   0.428375E-01   0.144980E+05
   0.437029E-01   0.142229E+05
   0.445858E-01   0.139581E+05
   0.454865E-01   0.137038E+05
   0.464053E-01   0.134603E+05
   0.473428E-01   0.132272E+05
   0.482992E-01   0.130044E+05
   0.492749E-01   0.127915E+05
   0.502703E-01   0.125878E+05
   0.512858E-01   0.123930E+05
   0.523219E-01   0.122061E+05
   0.533789E-01   0.120264E+05
   0.544572E-01   0.118536E+05
   0.555573E-01   0.116871E+05
   0.566796E-01   0.115253E+05
   0.578246E-01   0.113701E+05
   0.589927E-01   0.112251E+05
   0.601845E-01   0.110844E+05
   0.614003E-01   0.109395E+05
   0.626407E-01   0.107880E+05
   0.639061E-01   0.106326E+05
   0.651971E-01   0.104736E+05
   0.665142E-01   0.103085E+05
   0.678578E-01   0.101353E+05
   0.692287E-01   0.995285E+04
   0.706272E-01   0.976040E+04
   0.720539E-01   0.955717E+04
   0.735095E-01   0.934274E+04
   0.749945E-01   0.911726E+04
   0.765095E-01   0.888125E+04
   0.780551E-01   0.863563E+04
   0.796319E-01   0.838173E+04
   0.812406E-01   0.812121E+04
   0.828817E-01   0.785601E+04
   0.845561E-01   0.758827E+04
   0.862642E-01   0.732030E+04
   0.880068E-01   0.705450E+04
   0.897847E-01   0.679335E+04
   0.915985E-01   0.653936E+04
   0.934489E-01   0.629499E+04
   0.953367E-01   0.606256E+04
   0.972626E-01   0.584418E+04
   0.992274E-01   0.564154E+04
   0.101232E+00   0.545584E+04
   0.103277E+00   0.528767E+04
   0.105363E+00   0.513692E+04
   0.107492E+00   0.500285E+04
   0.109663E+00   0.488409E+04
   0.111879E+00   0.477880E+04
   0.114139E+00   0.468468E+04
   0.116445E+00   0.459908E+04
   0.118797E+00   0.451902E+04
   0.121197E+00   0.444116E+04
   0.123645E+00   0.436192E+04
   0.126143E+00   0.427768E+04
   0.128691E+00   0.418514E+04
   0.131291E+00   0.408184E+04
   0.133943E+00   0.396656E+04
   0.136649E+00   0.383958E+04
   0.139409E+00   0.370260E+04
   0.142226E+00   0.355834E+04
   0.145099E+00   0.341007E+04
   0.148030E+00   0.326116E+04
   0.151020E+00   0.311491E+04
   0.154071E+00   0.297455E+04
   0.157184E+00   0.284325E+04
   0.160359E+00   0.272388E+04
   0.163598E+00   0.261857E+04
   0.166903E+00   0.252813E+04
   0.170275E+00   0.245175E+04
   0.173715E+00   0.238715E+04
   0.177224E+00   0.233101E+04
   0.180804E+00   0.227970E+04
   0.184457E+00   0.222963E+04
   0.188183E+00   0.217752E+04
   0.191985E+00   0.212052E+04
   0.195863E+00   0.205664E+04
   0.199820E+00   0.198517E+04
   0.203856E+00   0.190704E+04
   0.207974E+00   0.182462E+04
   0.212176E+00   0.174116E+04
   0.216462E+00   0.166009E+04
   0.220835E+00   0.158452E+04
   0.225296E+00   0.151679E+04
   0.229847E+00   0.145825E+04
   0.234490E+00   0.140839E+04
   0.239227E+00   0.136586E+04
   0.244060E+00   0.132771E+04
   0.248990E+00   0.129099E+04
   0.254020E+00   0.125309E+04
   0.259152E+00   0.121211E+04
   0.264387E+00   0.116745E+04
   0.269728E+00   0.111954E+04
   0.275177E+00   0.107032E+04
   0.280736E+00   0.102197E+04
   0.286407E+00   0.976879E+03
   0.292193E+00   0.936482E+03
   0.298096E+00   0.900892E+03
   0.304118E+00   0.869466E+03
   0.310261E+00   0.840653E+03
   0.316529E+00   0.812791E+03
   0.322923E+00   0.784144E+03
   0.329447E+00   0.753989E+03
   0.336102E+00   0.722773E+03
   0.342892E+00   0.691489E+03
   0.349819E+00   0.661566E+03
   0.356885E+00   0.633892E+03
   0.364095E+00   0.608824E+03
   0.371450E+00   0.585961E+03
   0.378954E+00   0.564326E+03
   0.386609E+00   0.543088E+03
   0.394419E+00   0.521611E+03
   0.402387E+00   0.499969E+03
   0.410516E+00   0.478709E+03
   0.418809E+00   0.458396E+03
   0.427269E+00   0.439518E+03
   0.435901E+00   0.421960E+03
   0.444706E+00   0.405292E+03
   0.453690E+00   0.389115E+03
   0.462855E+00   0.373119E+03
   0.472206E+00   0.357417E+03
   0.481745E+00   0.342285E+03
   0.491477E+00   0.327899E+03
   0.501405E+00   0.314338E+03
   0.511534E+00   0.301423E+03
   0.521868E+00   0.288923E+03
   0.532411E+00   0.276784E+03
   0.543166E+00   0.265025E+03
   0.554139E+00   0.253744E+03
   0.565333E+00   0.243015E+03
   0.576753E+00   0.232766E+03
   0.588404E+00   0.222904E+03
   0.600291E+00   0.213397E+03
   0.612418E+00   0.204240E+03
   0.624789E+00   0.195460E+03
   0.637411E+00   0.187071E+03
   0.650288E+00   0.179038E+03
   0.663424E+00   0.171329E+03
   0.676826E+00   0.163928E+03
   0.690499E+00   0.156826E+03
   0.704448E+00   0.150012E+03
   0.718679E+00   0.143477E+03
   0.733197E+00   0.137210E+03
   0.748009E+00   0.131201E+03
   0.763119E+00   0.125443E+03
   0.778536E+00   0.119925E+03
   0.794263E+00   0.114639E+03
   0.810308E+00   0.109577E+03
   0.826677E+00   0.104729E+03
   0.843378E+00   0.100087E+03
   0.860415E+00   0.956423E+02
   0.877797E+00   0.913875E+02
   0.895529E+00   0.873145E+02
   0.913620E+00   0.834159E+02
   0.932076E+00   0.796844E+02
   0.950906E+00   0.761132E+02
   0.970115E+00   0.726957E+02
   0.989713E+00   0.694255E+02
   0.100971E+01   0.662966E+02
   0.103010E+01   0.633032E+02
   0.105091E+01   0.604395E+02
   0.107214E+01   0.577005E+02
   0.109380E+01   0.550808E+02
   0.111590E+01   0.525757E+02
   0.113844E+01   0.501803E+02
   0.116144E+01   0.478901E+02
   0.118490E+01   0.457008E+02
   0.120884E+01   0.436080E+02
   0.123326E+01   0.416078E+02
   0.125817E+01   0.396963E+02
   0.128359E+01   0.378697E+02
   0.130952E+01   0.361244E+02
   0.133597E+01   0.344569E+02
   0.136296E+01   0.328640E+02
   0.139049E+01   0.313423E+02
   0.141858E+01   0.298889E+02
   0.144724E+01   0.285009E+02
   0.147648E+01   0.271753E+02
   0.150630E+01   0.259095E+02
   0.153673E+01   0.247009E+02
   0.156778E+01   0.235470E+02
   0.159945E+01   0.224454E+02
   0.163176E+01   0.213939E+02
   0.166472E+01   0.203902E+02
   0.169835E+01   0.194323E+02
   0.173266E+01   0.185182E+02
   0.176766E+01   0.176458E+02
   0.180337E+01   0.168134E+02
   0.183980E+01   0.160193E+02
   0.187697E+01   0.152616E+02
   0.191489E+01   0.145389E+02
   0.195357E+01   0.138495E+02
   0.199304E+01   0.131919E+02
   0.203330E+01   0.125648E+02
   0.207437E+01   0.119667E+02
   0.211628E+01   0.113964E+02
   0.215903E+01   0.108526E+02
   0.220265E+01   0.103342E+02
   0.224714E+01   0.983989E+01
   0.229254E+01   0.936868E+01
   0.233885E+01   0.891950E+01
   0.238610E+01   0.849137E+01
   0.243430E+01   0.808331E+01
   0.248348E+01   0.769441E+01
   0.253365E+01   0.732381E+01
   0.258483E+01   0.697066E+01
   0.263705E+01   0.663417E+01
   0.269032E+01   0.631356E+01
   0.274466E+01   0.600812E+01
   0.280011E+01   0.571714E+01
   0.285668E+01   0.543996E+01
   0.291439E+01   0.517593E+01
   0.297326E+01   0.492446E+01
   0.303332E+01   0.468495E+01
   0.309460E+01   0.445686E+01
   0.315712E+01   0.423965E+01
   0.322090E+01   0.403282E+01
   0.328596E+01   0.383589E+01
   0.335234E+01   0.364838E+01
   0.342006E+01   0.346987E+01
   0.348916E+01   0.329992E+01
   0.355964E+01   0.313814E+01
   0.363155E+01   0.298415E+01
   0.370491E+01   0.283757E+01
   0.377976E+01   0.269806E+01
   0.385611E+01   0.256529E+01
   0.393401E+01   0.243894E+01
   0.401348E+01   0.231870E+01
   0.409456E+01   0.220428E+01
   0.417727E+01   0.209541E+01
   0.426166E+01   0.199183E+01
   0.434775E+01   0.189328E+01
   0.443558E+01   0.179952E+01
   0.452519E+01   0.171033E+01
   0.461660E+01   0.162549E+01
   0.470987E+01   0.154478E+01
   0.480501E+01   0.146802E+01
   0.490208E+01   0.139501E+01
   0.500111E+01   0.132558E+01
   0.510214E+01   0.125955E+01
   0.520521E+01   0.119675E+01
   0.531036E+01   0.113704E+01
   0.541763E+01   0.108026E+01
   0.552708E+01   0.102628E+01
   0.563873E+01   0.974947E+00
   0.575264E+01   0.926147E+00
   0.586885E+01   0.879755E+00
   0.598741E+01   0.835652E+00
   0.610836E+01   0.793729E+00
   0.623176E+01   0.753878E+00
   0.635765E+01   0.716000E+00
   0.648609E+01   0.679999E+00
   0.661711E+01   0.645783E+00
   0.675079E+01   0.613264E+00
   0.688716E+01   0.582361E+00
   0.702629E+01   0.552993E+00
   0.716823E+01   0.525087E+00
   0.731304E+01   0.498571E+00
   0.746077E+01   0.473375E+00
   0.761149E+01   0.449437E+00
   0.776525E+01   0.426693E+00
   0.792212E+01   0.405085E+00
   0.808217E+01   0.384558E+00
   0.824543E+01   0.365058E+00
   0.841200E+01   0.346534E+00
   0.858193E+01   0.328938E+00
   0.875530E+01   0.312225E+00
   0.893217E+01   0.296351E+00
   0.911261E+01   0.281274E+00
   0.929670E+01   0.266955E+00
   0.948451E+01   0.253356E+00
   0.967610E+01   0.240441E+00
   0.987158E+01   0.228178E+00
   0.100710E+02   0.216532E+00
   0.102744E+02   0.205474E+00
   0.104820E+02   0.194974E+00
   0.106938E+02   0.185005E+00
   0.109098E+02   0.175540E+00
   0.111302E+02   0.166553E+00
   0.113550E+02   0.158022E+00
   0.115844E+02   0.149923E+00
   0.118184E+02   0.142234E+00
   0.120572E+02   0.134935E+00
   0.123007E+02   0.128007E+00
   0.125492E+02   0.121431E+00
   0.128027E+02   0.115189E+00
   0.130614E+02   0.109265E+00
   0.133252E+02   0.103642E+00
   0.135944E+02   0.983053E-01
   0.138691E+02   0.932408E-01
   0.141492E+02   0.884345E-01
   0.144351E+02   0.838735E-01
   0.147267E+02   0.795453E-01
   0.150242E+02   0.754383E-01
   0.153277E+02   0.715412E-01
   0.156373E+02   0.678434E-01
   0.159532E+02   0.643350E-01
   0.162755E+02   0.610062E-01
   0.166043E+02   0.578480E-01
   0.169397E+02   0.548517E-01
   0.172819E+02   0.520091E-01
   0.176310E+02   0.493125E-01
   0.179872E+02   0.467544E-01
   0.183505E+02   0.443277E-01
   0.187212E+02   0.420258E-01
   0.190994E+02   0.398424E-01
   0.194853E+02   0.377714E-01
   0.198789E+02   0.358070E-01
   0.202805E+02   0.339439E-01
   0.206902E+02   0.321769E-01
   0.211081E+02   0.305010E-01
   0.215346E+02   0.289116E-01
   0.219696E+02   0.274044E-01
   0.224134E+02   0.259750E-01
   0.228662E+02   0.246195E-01
   0.233281E+02   0.233342E-01
   0.237994E+02   0.221154E-01
   0.242802E+02   0.209596E-01
   0.247707E+02   0.198638E-01
   0.252710E+02   0.188248E-01
   0.257816E+02   0.178397E-01
   0.263024E+02   0.169057E-01
   0.268337E+02   0.160201E-01
   0.273758E+02   0.151806E-01
   0.279288E+02   0.143847E-01
   0.284930E+02   0.136302E-01
   0.290686E+02   0.129150E-01
   0.296558E+02   0.122369E-01
   0.302549E+02   0.115942E-01
   0.308661E+02   0.109850E-01
   0.314897E+02   0.104075E-01
   0.321258E+02   0.986009E-02
   0.327748E+02   0.934127E-02
   0.334369E+02   0.884952E-02
   0.341123E+02   0.838346E-02
   0.348014E+02   0.794175E-02
   0.355045E+02   0.752312E-02
   0.362217E+02   0.712638E-02
   0.369535E+02   0.675040E-02
   0.377000E+02   0.639410E-02
   0.384616E+02   0.605645E-02
   0.392386E+02   0.573649E-02
   0.400312E+02   0.543330E-02
   0.408399E+02   0.514601E-02
   0.416649E+02   0.487379E-02
   0.425066E+02   0.461585E-02
   0.433653E+02   0.437146E-02
   0.442413E+02   0.413990E-02
   0.451350E+02   0.392051E-02
   0.460469E+02   0.371265E-02
   0.469770E+02   0.351573E-02
   0.479261E+02   0.332917E-02
   0.488942E+02   0.315242E-02
   0.498820E+02   0.298499E-02
   0.508896E+02   0.282637E-02
   0.519177E+02   0.267612E-02
   0.529665E+02   0.253379E-02
   0.540365E+02   0.239896E-02
   0.551281E+02   0.227125E-02
   0.562417E+02   0.215029E-02
   0.573779E+02   0.203571E-02
   0.585370E+02   0.192719E-02
   0.597195E+02   0.182440E-02
   0.609260E+02   0.172705E-02
   0.621568E+02   0.163485E-02
   0.634124E+02   0.154752E-02
   0.646934E+02   0.146483E-02
   0.660003E+02   0.138651E-02
   0.673336E+02   0.131234E-02
   0.686938E+02   0.124211E-02
   0.700816E+02   0.117560E-02
   0.714973E+02   0.111262E-02
   0.729416E+02   0.105298E-02
   0.744151E+02   0.996507E-03
   0.759184E+02   0.943036E-03
   0.774521E+02   0.892406E-03
   0.790167E+02   0.844468E-03
   0.806129E+02   0.799081E-03
   0.822415E+02   0.756108E-03
   0.839028E+02   0.715423E-03
   0.855978E+02   0.676905E-03
   0.873269E+02   0.640440E-03
   0.890911E+02   0.605918E-03
   0.908908E+02   0.573237E-03
   0.927270E+02   0.542300E-03
   0.946001E+02   0.513014E-03
   0.965112E+02   0.485291E-03
   0.984608E+02   0.459049E-03
   0.100450E+03   0.434210E-03
   0.102479E+03   0.410699E-03
   0.104549E+03   0.388446E-03
   0.106661E+03   0.367383E-03
   0.108816E+03   0.347449E-03
   0.111014E+03   0.328582E-03
   0.113257E+03   0.310726E-03
   0.115545E+03   0.293828E-03
   0.117879E+03   0.277836E-03
   0.120260E+03   0.262702E-03
   0.122690E+03   0.248381E-03
   0.125168E+03   0.234829E-03
   0.127697E+03   0.222006E-03
   0.130277E+03   0.209872E-03
   0.132908E+03   0.198391E-03
   0.135593E+03   0.187528E-03
   0.138332E+03   0.177251E-03
   0.141127E+03   0.167527E-03
   0.143978E+03   0.158328E-03
   0.146886E+03   0.149625E-03
   0.149854E+03   0.141392E-03
   0.152881E+03   0.133603E-03
   0.155969E+03   0.126236E-03
   0.159120E+03   0.119267E-03
   0.162334E+03   0.112675E-03
   0.165614E+03   0.106441E-03
   0.168960E+03   0.100544E-03
   0.172373E+03   0.949672E-04
   0.175855E+03   0.896930E-04
   0.179407E+03   0.847053E-04
   0.183032E+03   0.799886E-04
   0.186729E+03   0.755285E-04
   0.190501E+03   0.713112E-04
   0.194350E+03   0.673237E-04
   0.198276E+03   0.635536E-04
   0.202281E+03   0.599893E-04
   0.206368E+03   0.566198E-04
   0.210536E+03   0.534345E-04
   0.214790E+03   0.504236E-04
   0.219129E+03   0.475777E-04
   0.223555E+03   0.448879E-04
   0.228071E+03   0.423457E-04
   0.232679E+03   0.399433E-04
   0.237379E+03   0.376731E-04
   0.242175E+03   0.355279E-04
   0.247067E+03   0.335011E-04
   0.252058E+03   0.315862E-04
   0.257150E+03   0.297773E-04
   0.262345E+03   0.280685E-04
   0.267644E+03   0.264545E-04
   0.273051E+03   0.249302E-04
   0.278567E+03   0.234906E-04
   0.284195E+03   0.221313E-04
   0.289936E+03   0.208478E-04
   0.295793E+03   0.196361E-04
   0.301768E+03   0.184922E-04
   0.307864E+03   0.174125E-04
   0.314084E+03   0.163935E-04
   0.320428E+03   0.154319E-04
   0.326902E+03   0.145245E-04
   0.333505E+03   0.136684E-04
   0.340243E+03   0.128608E-04
   0.347116E+03   0.120992E-04
   0.354128E+03   0.113808E-04
   0.361282E+03   0.107035E-04
   0.368581E+03   0.100650E-04
   0.376026E+03   0.946303E-05
   0.383623E+03   0.889569E-05
   0.391372E+03   0.836103E-05
   0.399279E+03   0.785726E-05
   0.407344E+03   0.738268E-05
   0.415573E+03   0.693568E-05
   0.423968E+03   0.651474E-05
   0.432533E+03   0.611843E-05
   0.441271E+03   0.574537E-05
   0.450185E+03   0.539428E-05
   0.459279E+03   0.506391E-05
   0.468558E+03   0.475310E-05
   0.478023E+03   0.446075E-05
   0.487680E+03   0.418581E-05
   0.497532E+03   0.392729E-05
   0.507582E+03   0.368426E-05
   0.517837E+03   0.345585E-05
   0.528297E+03   0.324124E-05
   0.538970E+03   0.303962E-05
   0.549857E+03   0.285026E-05
   0.560966E+03   0.267244E-05
   0.572298E+03   0.250550E-05
   0.583859E+03   0.234881E-05
   0.595653E+03   0.220175E-05
   0.607687E+03   0.206377E-05
   0.619962E+03   0.193432E-05
   0.632487E+03   0.181289E-05
   0.645264E+03   0.169902E-05
   0.658299E+03   0.159223E-05
   0.671597E+03   0.149211E-05
   0.685165E+03   0.139826E-05
   0.699006E+03   0.131028E-05
   0.713127E+03   0.122783E-05
   0.727533E+03   0.115056E-05
   0.742230E+03   0.107815E-05
   0.757224E+03   0.101032E-05
   0.772521E+03   0.946762E-06
   0.788127E+03   0.887223E-06
   0.804048E+03   0.831445E-06
   0.820291E+03   0.779187E-06
   0.836862E+03   0.730227E-06
   0.853768E+03   0.684356E-06
   0.871015E+03   0.641377E-06
   0.888611E+03   0.601107E-06
   0.906563E+03   0.563375E-06
   0.924875E+03   0.528020E-06
   0.943559E+03   0.494891E-06
   0.962621E+03   0.463848E-06
   0.982068E+03   0.434759E-06
   0.100191E+04   0.407501E-06
   0.102215E+04   0.381958E-06
   0.104279E+04   0.358024E-06
   0.106386E+04   0.335597E-06
   0.108535E+04   0.314582E-06
   0.110728E+04   0.294890E-06
   0.112965E+04   0.276437E-06
   0.115247E+04   0.259146E-06
   0.117575E+04   0.242943E-06
   0.119950E+04   0.227760E-06
   0.122373E+04   0.213532E-06
   0.124845E+04   0.200200E-06
   0.127367E+04   0.187706E-06
   0.129940E+04   0.175998E-06
   0.132565E+04   0.165026E-06
   0.135243E+04   0.154744E-06
   0.137975E+04   0.145109E-06
   0.140762E+04   0.136078E-06
   0.143606E+04   0.127615E-06
   0.146507E+04   0.119684E-06
   0.149467E+04   0.112250E-06
   0.152486E+04   0.105283E-06
   0.155567E+04   0.987527E-07
   0.158709E+04   0.926317E-07
   0.161916E+04   0.868941E-07
   0.165186E+04   0.815156E-07
   0.168523E+04   0.764735E-07
   0.171928E+04   0.717467E-07
   0.175401E+04   0.673152E-07
   0.178944E+04   0.631604E-07
   0.182559E+04   0.592648E-07
   0.186247E+04   0.556122E-07
   0.190010E+04   0.521872E-07
   0.193848E+04   0.489754E-07
   0.197764E+04   0.459636E-07
   0.201759E+04   0.431392E-07
   0.205835E+04   0.404903E-07
   0.209993E+04   0.380060E-07
   0.214235E+04   0.356760E-07
   0.218563E+04   0.334905E-07
   0.222978E+04   0.314405E-07
   0.227483E+04   0.295176E-07
   0.232078E+04   0.277137E-07
   0.236766E+04   0.260215E-07
   0.241550E+04   0.244339E-07
   0.246429E+04   0.229444E-07
   0.251407E+04   0.215468E-07
   0.256486E+04   0.202356E-07
   0.261667E+04   0.190051E-07
   0.266954E+04   0.178505E-07
   0.272346E+04   0.167670E-07
   0.277848E+04   0.157501E-07
   0.283461E+04   0.147957E-07
   0.289187E+04   0.139000E-07
   0.295029E+04   0.130592E-07
   0.300989E+04   0.122700E-07
   0.307070E+04   0.115292E-07
   0.313273E+04   0.108337E-07
   0.319601E+04   0.101808E-07
   0.326057E+04   0.956778E-08
   0.332644E+04   0.899221E-08
   0.339364E+04   0.845177E-08
   0.346220E+04   0.794428E-08
   0.353214E+04   0.746771E-08
   0.360349E+04   0.702015E-08
   0.367629E+04   0.659982E-08
   0.375056E+04   0.620502E-08
   0.382632E+04   0.583420E-08
   0.390362E+04   0.548586E-08
   0.398248E+04   0.515864E-08
   0.406293E+04   0.485122E-08
   0.414500E+04   0.456241E-08
   0.422874E+04   0.429104E-08
   0.431417E+04   0.403606E-08
   0.440132E+04   0.379646E-08
   0.449023E+04   0.357131E-08
   0.458094E+04   0.335970E-08
   0.467348E+04   0.316083E-08
   0.476789E+04   0.297390E-08
   0.486420E+04   0.279820E-08
   0.496247E+04   0.263304E-08
   0.506272E+04   0.247777E-08
   0.516500E+04   0.233179E-08
   0.526933E+04   0.219455E-08
   0.537578E+04   0.206550E-08
   0.548438E+04   0.194416E-08
   0.559517E+04   0.183005E-08
   0.570820E+04   0.172273E-08
   0.582351E+04   0.162181E-08
   0.594116E+04   0.152688E-08
   0.606118E+04   0.143759E-08
   0.618363E+04   0.135360E-08
   0.630853E+04   0.127458E-08
   0.643598E+04   0.120025E-08
   0.656600E+04   0.113031E-08
   0.669864E+04   0.106450E-08
   0.683395E+04   0.100258E-08
   0.697201E+04   0.944310E-09
   0.711286E+04   0.889473E-09
   0.725655E+04   0.837864E-09
   0.740313E+04   0.789290E-09
   0.755269E+04   0.743570E-09
   0.770527E+04   0.700532E-09
   0.786093E+04   0.660018E-09
   0.801972E+04   0.621877E-09
   0.818173E+04   0.585967E-09
   0.834702E+04   0.552157E-09
   0.851564E+04   0.520322E-09
   0.868766E+04   0.490345E-09
   0.886316E+04   0.462115E-09
   0.904221E+04   0.435530E-09
   0.922488E+04   0.410492E-09
   0.941122E+04   0.386910E-09
   0.960135E+04   0.364698E-09
   0.979531E+04   0.343775E-09
   0.999320E+04   0.324065E-09
   0.101951E+05   0.305497E-09
   0.104010E+05   0.288005E-09
   0.106111E+05   0.271524E-09
   0.108255E+05   0.255996E-09
   0.110442E+05   0.241365E-09
   0.112673E+05   0.227578E-09
   0.114949E+05   0.214586E-09
   0.117271E+05   0.202342E-09
   0.119640E+05   0.190804E-09
   0.122057E+05   0.179929E-09
   0.124523E+05   0.169679E-09
   0.127038E+05   0.160018E-09
   0.129605E+05   0.150912E-09
   0.132223E+05   0.142327E-09
   0.134894E+05   0.134235E-09
   0.137619E+05   0.126606E-09
   0.140399E+05   0.119414E-09
   0.143235E+05   0.112634E-09
   0.146129E+05   0.106241E-09
   0.149081E+05   0.100213E-09
   0.152093E+05   0.945304E-10
   0.155165E+05   0.891718E-10
   0.158299E+05   0.841192E-10
   0.161497E+05   0.793547E-10
   0.164760E+05   0.748619E-10
   0.168088E+05   0.706252E-10
   0.171484E+05   0.666299E-10
   0.174948E+05   0.628619E-10
   0.178482E+05   0.593082E-10
   0.182088E+05   0.559563E-10
   0.185766E+05   0.527947E-10
   0.189519E+05   0.498124E-10
   0.193348E+05   0.469991E-10
   0.197254E+05   0.443450E-10
   0.201238E+05   0.418411E-10
   0.205303E+05   0.394788E-10
   0.209451E+05   0.372499E-10
