#          k/h    CDM            baryon         photon         nu             mass_nu        total          no_nu          total_de       Weyl           v_CDM          v_b            v_b-v_c     
   0.738989E-04   0.198171E+08   0.198171E+08   0.257225E+08   0.257214E+08   0.198174E+08   0.198171E+08   0.198171E+08   0.198236E+08  -0.471446E+00   0.103742E+08   0.103742E+08   0.414116E-01
   0.103134E-03   0.198159E+08   0.198159E+08   0.250729E+08   0.250709E+08   0.198144E+08   0.198159E+08   0.198159E+08   0.198223E+08  -0.471410E+00   0.103736E+08   0.103736E+08   0.577251E-01
   0.143935E-03   0.198136E+08   0.198136E+08   0.238505E+08   0.238469E+08   0.198085E+08   0.198135E+08   0.198136E+08   0.198196E+08  -0.471340E+00   0.103723E+08   0.103723E+08   0.803753E-01
   0.200878E-03   0.198090E+08   0.198090E+08   0.216249E+08   0.216188E+08   0.197970E+08   0.198090E+08   0.198090E+08   0.198145E+08  -0.471207E+00   0.103699E+08   0.103699E+08   0.111678E+00
   0.280348E-03   0.198004E+08   0.198004E+08   0.178289E+08   0.178199E+08   0.197749E+08   0.198002E+08   0.198004E+08   0.198048E+08  -0.470955E+00   0.103653E+08   0.103653E+08   0.154573E+00
   0.391257E-03   0.197840E+08   0.197839E+08   0.121506E+08   0.121408E+08   0.197325E+08   0.197837E+08   0.197840E+08   0.197868E+08  -0.470491E+00   0.103565E+08   0.103565E+08   0.212522E+00
   0.546043E-03   0.197536E+08   0.197536E+08   0.568214E+07   0.567864E+07   0.196523E+08   0.197531E+08   0.197536E+08   0.197546E+08  -0.469671E+00   0.103403E+08   0.103403E+08   0.289203E+00
   0.762065E-03   0.196994E+08   0.196993E+08   0.165993E+07   0.166438E+07   0.195039E+08   0.196985E+08   0.196994E+08   0.196989E+08  -0.468290E+00   0.103113E+08   0.103113E+08   0.388544E+00
   0.106355E-02   0.196066E+08   0.196065E+08   0.928872E+06   0.924910E+06   0.192375E+08   0.196049E+08   0.196066E+08   0.196052E+08  -0.466027E+00   0.102620E+08   0.102620E+08   0.516210E+00
   0.148430E-02   0.194536E+08   0.194534E+08   0.224925E+06   0.216635E+06   0.187815E+08   0.194506E+08   0.194536E+08   0.194506E+08  -0.462341E+00   0.101810E+08   0.101810E+08   0.680685E+00
   0.207151E-02   0.192094E+08   0.192089E+08  -0.113126E+06  -0.113127E+06   0.180625E+08   0.192041E+08   0.192093E+08   0.192041E+08  -0.456473E+00   0.100522E+08   0.100522E+08   0.892046E+00
   0.289102E-02   0.188332E+08   0.188323E+08  -0.569449E+05  -0.569451E+05   0.170357E+08   0.188249E+08   0.188331E+08   0.188249E+08  -0.447457E+00   0.985396E+07   0.985395E+07   0.116276E+01
   0.403474E-02   0.182777E+08   0.182759E+08  -0.283800E+05  -0.283801E+05   0.156863E+08   0.182657E+08   0.182774E+08   0.182657E+08  -0.434162E+00   0.956169E+07   0.956167E+07   0.150748E+01
   0.417150E-02   0.182104E+08   0.182085E+08  -0.264527E+05  -0.264528E+05   0.155324E+08   0.181979E+08   0.182101E+08   0.181979E+08  -0.432552E+00   0.952629E+07   0.952627E+07   0.154663E+01
   0.431290E-02   0.181407E+08   0.181387E+08  -0.246529E+05  -0.246529E+05   0.153750E+08   0.181279E+08   0.181404E+08   0.181279E+08  -0.430886E+00   0.948967E+07   0.948965E+07   0.158670E+01
   0.445908E-02   0.180686E+08   0.180665E+08  -0.229721E+05  -0.229722E+05   0.152136E+08   0.180554E+08   0.180683E+08   0.180554E+08  -0.429163E+00   0.945179E+07   0.945177E+07   0.162769E+01
   0.461022E-02   0.179941E+08   0.179918E+08  -0.214028E+05  -0.214029E+05   0.150491E+08   0.179804E+08   0.179938E+08   0.179804E+08  -0.427382E+00   0.941263E+07   0.941261E+07   0.166962E+01
   0.476649E-02   0.179171E+08   0.179147E+08  -0.199376E+05  -0.199376E+05   0.148810E+08   0.179030E+08   0.179168E+08   0.179030E+08  -0.425541E+00   0.937216E+07   0.937214E+07   0.171250E+01
   0.492805E-02   0.178376E+08   0.178350E+08  -0.185697E+05  -0.185698E+05   0.147094E+08   0.178230E+08   0.178372E+08   0.178230E+08  -0.423640E+00   0.933037E+07   0.933034E+07   0.175636E+01
   0.509508E-02   0.177555E+08   0.177527E+08  -0.172929E+05  -0.172929E+05   0.145344E+08   0.177404E+08   0.177550E+08   0.177404E+08  -0.421677E+00   0.928721E+07   0.928718E+07   0.180119E+01
   0.526778E-02   0.176707E+08   0.176677E+08  -0.161011E+05  -0.161011E+05   0.143558E+08   0.176552E+08   0.176702E+08   0.176552E+08  -0.419651E+00   0.924267E+07   0.924264E+07   0.184701E+01
   0.544633E-02   0.175832E+08   0.175800E+08  -0.149888E+05  -0.149889E+05   0.141737E+08   0.175673E+08   0.175827E+08   0.175673E+08  -0.417561E+00   0.919671E+07   0.919668E+07   0.189383E+01
   0.563094E-02   0.174930E+08   0.174896E+08  -0.139509E+05  -0.139510E+05   0.139880E+08   0.174766E+08   0.174925E+08   0.174766E+08  -0.415405E+00   0.914932E+07   0.914929E+07   0.194166E+01
   0.582180E-02   0.174000E+08   0.173964E+08  -0.129825E+05  -0.129825E+05   0.137987E+08   0.173831E+08   0.173994E+08   0.173831E+08  -0.413183E+00   0.910046E+07   0.910043E+07   0.199049E+01
   0.601913E-02   0.173046E+08   0.173007E+08  -0.120793E+05  -0.120793E+05   0.135841E+08   0.172871E+08   0.173039E+08   0.172871E+08  -0.410901E+00   0.905030E+07   0.905026E+07   0.204035E+01
   0.622315E-02   0.172058E+08   0.172017E+08  -0.112364E+05  -0.112364E+05   0.133841E+08   0.171878E+08   0.172051E+08   0.171878E+08  -0.408541E+00   0.899842E+07   0.899838E+07   0.209122E+01
   0.643408E-02   0.171040E+08   0.170997E+08  -0.104502E+05  -0.104502E+05   0.131801E+08   0.170856E+08   0.171033E+08   0.170856E+08  -0.406111E+00   0.894498E+07   0.894494E+07   0.214311E+01
   0.665217E-02   0.169993E+08   0.169946E+08  -0.971695E+04  -0.971698E+04   0.129721E+08   0.169803E+08   0.169985E+08   0.169803E+08  -0.403609E+00   0.888996E+07   0.888992E+07   0.219601E+01
   0.687764E-02   0.168915E+08   0.168865E+08  -0.903319E+04  -0.903321E+04   0.127603E+08   0.168720E+08   0.168907E+08   0.168720E+08  -0.401033E+00   0.883334E+07   0.883330E+07   0.224992E+01
   0.711076E-02   0.167805E+08   0.167753E+08  -0.839566E+04  -0.839568E+04   0.125449E+08   0.167605E+08   0.167797E+08   0.167605E+08  -0.398384E+00   0.877509E+07   0.877504E+07   0.230482E+01
   0.735178E-02   0.166664E+08   0.166608E+08  -0.780131E+04  -0.780133E+04   0.123263E+08   0.166459E+08   0.166655E+08   0.166459E+08  -0.395659E+00   0.871517E+07   0.871512E+07   0.236070E+01
   0.760097E-02   0.165491E+08   0.165432E+08  -0.724730E+04  -0.724732E+04   0.121049E+08   0.165280E+08   0.165481E+08   0.165280E+08  -0.392858E+00   0.865357E+07   0.865352E+07   0.241755E+01
   0.785861E-02   0.164282E+08   0.164219E+08  -0.673085E+04  -0.673087E+04   0.118809E+08   0.164066E+08   0.164272E+08   0.164066E+08  -0.389973E+00   0.859013E+07   0.859007E+07   0.247533E+01
   0.812498E-02   0.163043E+08   0.162976E+08  -0.624970E+04  -0.624971E+04   0.116551E+08   0.162822E+08   0.163032E+08   0.162822E+08  -0.387014E+00   0.852506E+07   0.852500E+07   0.253403E+01
   0.840037E-02   0.161770E+08   0.161699E+08  -0.580140E+04  -0.580142E+04   0.114274E+08   0.161543E+08   0.161759E+08   0.161543E+08  -0.383976E+00   0.845824E+07   0.845818E+07   0.259360E+01
   0.868510E-02   0.160463E+08   0.160387E+08  -0.538379E+04  -0.538381E+04   0.111981E+08   0.160231E+08   0.160451E+08   0.160231E+08  -0.380856E+00   0.838963E+07   0.838956E+07   0.265400E+01
   0.897949E-02   0.159121E+08   0.159040E+08  -0.499484E+04  -0.499485E+04   0.109669E+08   0.158884E+08   0.159108E+08   0.158884E+08  -0.377654E+00   0.831921E+07   0.831914E+07   0.271518E+01
   0.928385E-02   0.157744E+08   0.157658E+08  -0.463263E+04  -0.463265E+04   0.107338E+08   0.157502E+08   0.157730E+08   0.157502E+08  -0.374369E+00   0.824695E+07   0.824687E+07   0.277708E+01
   0.959852E-02   0.156332E+08   0.156241E+08  -0.429542E+04  -0.429544E+04   0.104986E+08   0.156085E+08   0.156317E+08   0.156085E+08  -0.371001E+00   0.817288E+07   0.817280E+07   0.283965E+01
   0.992387E-02   0.154883E+08   0.154787E+08  -0.398150E+04  -0.398151E+04   0.102615E+08   0.154631E+08   0.154868E+08   0.154631E+08  -0.367546E+00   0.809688E+07   0.809679E+07   0.290279E+01
   0.102602E-01   0.153398E+08   0.153296E+08  -0.368932E+04  -0.368933E+04   0.100224E+08   0.153141E+08   0.153382E+08   0.153141E+08  -0.364004E+00   0.801897E+07   0.801888E+07   0.296643E+01
   0.106080E-01   0.151876E+08   0.151768E+08  -0.341743E+04  -0.341744E+04   0.978153E+07   0.151614E+08   0.151859E+08   0.151614E+08  -0.360374E+00   0.793912E+07   0.793903E+07   0.303047E+01
   0.109676E-01   0.150316E+08   0.150202E+08  -0.316448E+04  -0.316449E+04   0.953929E+07   0.150049E+08   0.150298E+08   0.150049E+08  -0.356655E+00   0.785732E+07   0.785721E+07   0.309479E+01
   0.113393E-01   0.148718E+08   0.148597E+08  -0.292918E+04  -0.292919E+04   0.929594E+07   0.148447E+08   0.148699E+08   0.148447E+08  -0.352846E+00   0.777351E+07   0.777340E+07   0.315927E+01
   0.117237E-01   0.147082E+08   0.146954E+08  -0.271037E+04  -0.271038E+04   0.905183E+07   0.146806E+08   0.147062E+08   0.146806E+08  -0.348945E+00   0.768770E+07   0.768759E+07   0.322378E+01
   0.121210E-01   0.145407E+08   0.145272E+08  -0.250693E+04  -0.250694E+04   0.880675E+07   0.145126E+08   0.145386E+08   0.145126E+08  -0.344953E+00   0.759987E+07   0.759975E+07   0.328815E+01
   0.125319E-01   0.143693E+08   0.143550E+08  -0.231782E+04  -0.231783E+04   0.856205E+07   0.143407E+08   0.143670E+08   0.143407E+08  -0.340868E+00   0.750999E+07   0.750986E+07   0.335222E+01
   0.129567E-01   0.141940E+08   0.141788E+08  -0.214208E+04  -0.214209E+04   0.831751E+07   0.141649E+08   0.141916E+08   0.141649E+08  -0.336689E+00   0.741804E+07   0.741791E+07   0.341579E+01
   0.133958E-01   0.140146E+08   0.139986E+08  -0.197880E+04  -0.197880E+04   0.807327E+07   0.139852E+08   0.140121E+08   0.139852E+08  -0.332416E+00   0.732401E+07   0.732387E+07   0.347866E+01
   0.138499E-01   0.138312E+08   0.138143E+08  -0.182714E+04  -0.182714E+04   0.782942E+07   0.138014E+08   0.138285E+08   0.138014E+08  -0.328047E+00   0.722789E+07   0.722774E+07   0.354060E+01
   0.143193E-01   0.136438E+08   0.136260E+08  -0.168631E+04  -0.168631E+04   0.758591E+07   0.136136E+08   0.136410E+08   0.136136E+08  -0.323583E+00   0.712965E+07   0.712950E+07   0.360136E+01
   0.148047E-01   0.134524E+08   0.134335E+08  -0.155557E+04  -0.155557E+04   0.734283E+07   0.134217E+08   0.134494E+08   0.134217E+08  -0.319023E+00   0.702930E+07   0.702913E+07   0.366066E+01
   0.153065E-01   0.132568E+08   0.132370E+08  -0.143424E+04  -0.143425E+04   0.710047E+07   0.132258E+08   0.132537E+08   0.132258E+08  -0.314366E+00   0.692682E+07   0.692665E+07   0.371821E+01
   0.158253E-01   0.130572E+08   0.130363E+08  -0.132168E+04  -0.132168E+04   0.685934E+07   0.130258E+08   0.130539E+08   0.130258E+08  -0.309614E+00   0.682222E+07   0.682204E+07   0.377369E+01
   0.163617E-01   0.128536E+08   0.128316E+08  -0.121728E+04  -0.121728E+04   0.661990E+07   0.128219E+08   0.128501E+08   0.128219E+08  -0.304765E+00   0.671551E+07   0.671532E+07   0.382675E+01
   0.169163E-01   0.126459E+08   0.126228E+08  -0.112049E+04  -0.112049E+04   0.638248E+07   0.126139E+08   0.126422E+08   0.126139E+08  -0.299821E+00   0.660670E+07   0.660650E+07   0.387701E+01
   0.174897E-01   0.124342E+08   0.124099E+08  -0.103079E+04  -0.103079E+04   0.614717E+07   0.124019E+08   0.124304E+08   0.124019E+08  -0.294783E+00   0.649580E+07   0.649559E+07   0.392408E+01
   0.180825E-01   0.122186E+08   0.121931E+08  -0.947685E+03  -0.947688E+03   0.591411E+07   0.121860E+08   0.122146E+08   0.121860E+08  -0.289652E+00   0.638284E+07   0.638263E+07   0.396753E+01
   0.186954E-01   0.119991E+08   0.119724E+08  -0.870732E+03  -0.870734E+03   0.568348E+07   0.119663E+08   0.119949E+08   0.119663E+08  -0.284429E+00   0.626787E+07   0.626764E+07   0.400692E+01
   0.193291E-01   0.117758E+08   0.117479E+08  -0.799502E+03  -0.799504E+03   0.545555E+07   0.117428E+08   0.117714E+08   0.117428E+08  -0.279116E+00   0.615092E+07   0.615068E+07   0.404176E+01
   0.199842E-01   0.115489E+08   0.115197E+08  -0.733601E+03  -0.733603E+03   0.523066E+07   0.115156E+08   0.115442E+08   0.115156E+08  -0.273717E+00   0.603205E+07   0.603181E+07   0.407155E+01
   0.206616E-01   0.113184E+08   0.112879E+08  -0.672662E+03  -0.672664E+03   0.500919E+07   0.112850E+08   0.113135E+08   0.112850E+08  -0.268234E+00   0.591134E+07   0.591109E+07   0.409578E+01
   0.213619E-01   0.110845E+08   0.110527E+08  -0.616341E+03  -0.616343E+03   0.479144E+07   0.110510E+08   0.110794E+08   0.110510E+08  -0.262672E+00   0.578888E+07   0.578861E+07   0.411389E+01
   0.220860E-01   0.108474E+08   0.108144E+08  -0.564319E+03  -0.564320E+03   0.457753E+07   0.108138E+08   0.108422E+08   0.108138E+08  -0.257035E+00   0.566475E+07   0.566448E+07   0.412533E+01
   0.228346E-01   0.106074E+08   0.105731E+08  -0.516296E+03  -0.516298E+03   0.436760E+07   0.105737E+08   0.106020E+08   0.105737E+08  -0.251328E+00   0.553910E+07   0.553881E+07   0.412953E+01
   0.236086E-01   0.103647E+08   0.103291E+08  -0.471995E+03  -0.471996E+03   0.416199E+07   0.103310E+08   0.103590E+08   0.103310E+08  -0.245558E+00   0.541204E+07   0.541174E+07   0.412590E+01
   0.244088E-01   0.101196E+08   0.100827E+08  -0.431156E+03  -0.431157E+03   0.396108E+07   0.100859E+08   0.101137E+08   0.100859E+08  -0.239732E+00   0.528374E+07   0.528343E+07   0.411387E+01
   0.252361E-01   0.987242E+07   0.983430E+07  -0.393538E+03  -0.393539E+03   0.376508E+07   0.983873E+07   0.986637E+07   0.983873E+07  -0.233858E+00   0.515437E+07   0.515406E+07   0.409287E+01
   0.260915E-01   0.962360E+07   0.958430E+07  -0.358914E+03  -0.358915E+03   0.357414E+07   0.958998E+07   0.961735E+07   0.958998E+07  -0.227946E+00   0.502416E+07   0.502384E+07   0.406234E+01
   0.269759E-01   0.937354E+07   0.933313E+07  -0.327074E+03  -0.327075E+03   0.338845E+07   0.934004E+07   0.936712E+07   0.934004E+07  -0.222005E+00   0.489331E+07   0.489298E+07   0.402175E+01
   0.278902E-01   0.912274E+07   0.908128E+07  -0.297823E+03  -0.297823E+03   0.320824E+07   0.908939E+07   0.911615E+07   0.908939E+07  -0.216047E+00   0.476209E+07   0.476175E+07   0.397060E+01
   0.288356E-01   0.887172E+07   0.882931E+07  -0.270975E+03  -0.270976E+03   0.303380E+07   0.883857E+07   0.886498E+07   0.883857E+07  -0.210085E+00   0.463077E+07   0.463043E+07   0.390847E+01
   0.298129E-01   0.862108E+07   0.857781E+07  -0.246361E+03  -0.246362E+03   0.286527E+07   0.858816E+07   0.861420E+07   0.858816E+07  -0.204133E+00   0.449966E+07   0.449932E+07   0.383497E+01
   0.308235E-01   0.837144E+07   0.832744E+07  -0.223820E+03  -0.223821E+03   0.270272E+07   0.833880E+07   0.836445E+07   0.833880E+07  -0.198206E+00   0.436909E+07   0.436875E+07   0.374981E+01
   0.318682E-01   0.812347E+07   0.807888E+07  -0.203203E+03  -0.203203E+03   0.254638E+07   0.809116E+07   0.811639E+07   0.809116E+07  -0.192320E+00   0.423942E+07   0.423907E+07   0.365281E+01
   0.329484E-01   0.787791E+07   0.783287E+07  -0.184369E+03  -0.184369E+03   0.239644E+07   0.784595E+07   0.787075E+07   0.784595E+07  -0.186492E+00   0.411103E+07   0.411068E+07   0.354390E+01
   0.340652E-01   0.763549E+07   0.759019E+07  -0.167187E+03  -0.167187E+03   0.225293E+07   0.760394E+07   0.762829E+07   0.760394E+07  -0.180739E+00   0.398429E+07   0.398394E+07   0.342314E+01
   0.352198E-01   0.739700E+07   0.735161E+07  -0.151534E+03  -0.151534E+03   0.211592E+07   0.736590E+07   0.738979E+07   0.736590E+07  -0.175081E+00   0.385964E+07   0.385929E+07   0.329078E+01
   0.364136E-01   0.716322E+07   0.711795E+07  -0.137294E+03  -0.137294E+03   0.198553E+07   0.713260E+07   0.715602E+07   0.713260E+07  -0.169536E+00   0.373746E+07   0.373712E+07   0.314721E+01
   0.376479E-01   0.693395E+07   0.688902E+07  -0.124341E+03  -0.124341E+03   0.186150E+07   0.690386E+07   0.692681E+07   0.690386E+07  -0.164099E+00   0.361767E+07   0.361733E+07   0.299316E+01
   0.389239E-01   0.671015E+07   0.666579E+07  -0.112579E+03  -0.112579E+03   0.174383E+07   0.668063E+07   0.670310E+07   0.668063E+07  -0.158793E+00   0.350076E+07   0.350043E+07   0.282943E+01
   0.402433E-01   0.649331E+07   0.644975E+07  -0.101926E+03  -0.101926E+03   0.163276E+07   0.646440E+07   0.648639E+07   0.646440E+07  -0.153653E+00   0.338751E+07   0.338719E+07   0.265700E+01
   0.416073E-01   0.628428E+07   0.624176E+07  -0.922931E+02  -0.922934E+02   0.152822E+07   0.625601E+07   0.627753E+07   0.625601E+07  -0.148700E+00   0.327836E+07   0.327805E+07   0.247714E+01
   0.430176E-01   0.608374E+07   0.604251E+07  -0.835952E+02  -0.835954E+02   0.143007E+07   0.605614E+07   0.607719E+07   0.605614E+07  -0.143949E+00   0.317368E+07   0.317338E+07   0.229140E+01
   0.444757E-01   0.589217E+07   0.585245E+07  -0.757503E+02  -0.757505E+02   0.133819E+07   0.586526E+07   0.588586E+07   0.586526E+07  -0.139412E+00   0.307370E+07   0.307342E+07   0.210155E+01
   0.459832E-01   0.570978E+07   0.567179E+07  -0.686800E+02  -0.686802E+02   0.125229E+07   0.568358E+07   0.570375E+07   0.568358E+07  -0.135094E+00   0.297854E+07   0.297827E+07   0.190964E+01
   0.475418E-01   0.553654E+07   0.550049E+07  -0.623093E+02  -0.623094E+02   0.117208E+07   0.551107E+07   0.553081E+07   0.551107E+07  -0.130993E+00   0.288817E+07   0.288793E+07   0.171789E+01
   0.491532E-01   0.537214E+07   0.533820E+07  -0.565675E+02  -0.565677E+02   0.109724E+07   0.534741E+07   0.536675E+07   0.534741E+07  -0.127103E+00   0.280245E+07   0.280222E+07   0.152874E+01
   0.508193E-01   0.521605E+07   0.518436E+07  -0.513890E+02  -0.513892E+02   0.102735E+07   0.519207E+07   0.521102E+07   0.519207E+07  -0.123411E+00   0.272108E+07   0.272087E+07   0.134474E+01
   0.525418E-01   0.506759E+07   0.503825E+07  -0.467132E+02  -0.467133E+02   0.962067E+06   0.504435E+07   0.506293E+07   0.504435E+07  -0.119900E+00   0.264370E+07   0.264352E+07   0.116847E+01
   0.543227E-01   0.492596E+07   0.489902E+07  -0.424854E+02  -0.424855E+02   0.900974E+06   0.490347E+07   0.492168E+07   0.490347E+07  -0.116551E+00   0.256990E+07   0.256974E+07   0.100257E+01
   0.561640E-01   0.479030E+07   0.476576E+07  -0.386566E+02  -0.386567E+02   0.843730E+06   0.476854E+07   0.478640E+07   0.476854E+07  -0.113344E+00   0.249922E+07   0.249908E+07   0.849500E+00
   0.580677E-01   0.465970E+07   0.463750E+07  -0.351829E+02  -0.351830E+02   0.789977E+06   0.463866E+07   0.465618E+07   0.463866E+07  -0.110257E+00   0.243118E+07   0.243106E+07   0.711538E+00
   0.608047E-01   0.448998E+07   0.447078E+07  -0.309243E+02  -0.309244E+02   0.721538E+06   0.446987E+07   0.448693E+07   0.446987E+07  -0.106245E+00   0.234276E+07   0.234266E+07   0.549001E+00
   0.635417E-01   0.432908E+07   0.431239E+07  -0.273079E+02  -0.273080E+02   0.660441E+06   0.430983E+07   0.432643E+07   0.430983E+07  -0.102441E+00   0.225891E+07   0.225883E+07   0.427833E+00
   0.662787E-01   0.417591E+07   0.416115E+07  -0.242150E+02  -0.242150E+02   0.605671E+06   0.415740E+07   0.417357E+07   0.415740E+07  -0.988180E-01   0.217906E+07   0.217899E+07   0.344427E+00
   0.690157E-01   0.402636E+07   0.401296E+07  -0.215356E+02  -0.215357E+02   0.555954E+06   0.400852E+07   0.402423E+07   0.400852E+07  -0.952791E-01   0.210106E+07   0.210100E+07   0.294068E+00
   0.717527E-01   0.387781E+07   0.386519E+07  -0.191911E+02  -0.191912E+02   0.510398E+06   0.386056E+07   0.387581E+07   0.386056E+07  -0.917623E-01   0.202353E+07   0.202348E+07   0.271122E+00
   0.744897E-01   0.372900E+07   0.371665E+07  -0.171249E+02  -0.171250E+02   0.468421E+06   0.371228E+07   0.372704E+07   0.371228E+07  -0.882377E-01   0.194584E+07   0.194578E+07   0.269460E+00
   0.772267E-01   0.358000E+07   0.356751E+07  -0.152970E+02  -0.152971E+02   0.429685E+06   0.356375E+07   0.357802E+07   0.356375E+07  -0.847074E-01   0.186801E+07   0.186794E+07   0.282848E+00
   0.799637E-01   0.343190E+07   0.341894E+07  -0.136782E+02  -0.136782E+02   0.394004E+06   0.341609E+07   0.342984E+07   0.341609E+07  -0.811975E-01   0.179063E+07   0.179056E+07   0.305336E+00
   0.827007E-01   0.328633E+07   0.327271E+07  -0.122457E+02  -0.122458E+02   0.361269E+06   0.327092E+07   0.328416E+07   0.327092E+07  -0.777471E-01   0.171456E+07   0.171448E+07   0.331555E+00
   0.854377E-01   0.314506E+07   0.313068E+07  -0.109807E+02  -0.109807E+02   0.331386E+06   0.313004E+07   0.314278E+07   0.313004E+07  -0.743984E-01   0.164073E+07   0.164064E+07   0.356952E+00
   0.881747E-01   0.300970E+07   0.299459E+07  -0.986596E+01  -0.986598E+01   0.304249E+06   0.299506E+07   0.300730E+07   0.299506E+07  -0.711899E-01   0.156999E+07   0.156989E+07   0.377938E+00
   0.909116E-01   0.288159E+07   0.286586E+07  -0.888587E+01  -0.888589E+01   0.279733E+06   0.286732E+07   0.287909E+07   0.286732E+07  -0.681537E-01   0.150305E+07   0.150294E+07   0.391956E+00
   0.936486E-01   0.276183E+07   0.274565E+07  -0.802608E+01  -0.802611E+01   0.257686E+06   0.274793E+07   0.275926E+07   0.274793E+07  -0.653159E-01   0.144048E+07   0.144037E+07   0.397471E+00
   0.963856E-01   0.265127E+07   0.263489E+07  -0.727352E+01  -0.727354E+01   0.237957E+06   0.263774E+07   0.264866E+07   0.263774E+07  -0.626969E-01   0.138273E+07   0.138262E+07   0.393908E+00
   0.991226E-01   0.255051E+07   0.253419E+07  -0.661619E+01  -0.661621E+01   0.220385E+06   0.253737E+07   0.254792E+07   0.253737E+07  -0.603112E-01   0.133013E+07   0.133001E+07   0.381528E+00
   0.101860E+00   0.245984E+07   0.244385E+07  -0.604290E+01  -0.604291E+01   0.204791E+06   0.244709E+07   0.245730E+07   0.244709E+07  -0.581654E-01   0.128281E+07   0.128270E+07   0.361282E+00
   0.104597E+00   0.237913E+07   0.236372E+07  -0.554303E+01  -0.554305E+01   0.190986E+06   0.236678E+07   0.237668E+07   0.236678E+07  -0.562563E-01   0.124072E+07   0.124061E+07   0.334639E+00
   0.107334E+00   0.230781E+07   0.229320E+07  -0.510649E+01  -0.510650E+01   0.178763E+06   0.229586E+07   0.230549E+07   0.229586E+07  -0.545706E-01   0.120354E+07   0.120345E+07   0.303402E+00
   0.110071E+00   0.224493E+07   0.223127E+07  -0.472375E+01  -0.472377E+01   0.167911E+06   0.223336E+07   0.224276E+07   0.223336E+07  -0.530851E-01   0.117079E+07   0.117070E+07   0.269533E+00
   0.112808E+00   0.218922E+07   0.217661E+07  -0.438607E+01  -0.438609E+01   0.158215E+06   0.217802E+07   0.218722E+07   0.217802E+07  -0.517698E-01   0.114178E+07   0.114171E+07   0.234981E+00
   0.115545E+00   0.213921E+07   0.212771E+07  -0.408562E+01  -0.408563E+01   0.149477E+06   0.212838E+07   0.213739E+07   0.212838E+07  -0.505898E-01   0.111577E+07   0.111570E+07   0.201547E+00
   0.118282E+00   0.209339E+07   0.208297E+07  -0.381557E+01  -0.381558E+01   0.141513E+06   0.208290E+07   0.209174E+07   0.208290E+07  -0.495088E-01   0.109193E+07   0.109187E+07   0.170769E+00
   0.121019E+00   0.205025E+07   0.204083E+07  -0.357013E+01  -0.357014E+01   0.134162E+06   0.204008E+07   0.204875E+07   0.204008E+07  -0.484910E-01   0.106948E+07   0.106943E+07   0.143850E+00
   0.123756E+00   0.200838E+07   0.199984E+07  -0.334451E+01  -0.334452E+01   0.127288E+06   0.199851E+07   0.200702E+07   0.199851E+07  -0.475028E-01   0.104770E+07   0.104765E+07   0.121610E+00
   0.126493E+00   0.196658E+07   0.195876E+07  -0.313493E+01  -0.313494E+01   0.120781E+06   0.195698E+07   0.196533E+07   0.195698E+07  -0.465157E-01   0.102593E+07   0.102589E+07   0.104478E+00
   0.129230E+00   0.192391E+07   0.191665E+07  -0.293856E+01  -0.293857E+01   0.114563E+06   0.191457E+07   0.192276E+07   0.191457E+07  -0.455076E-01   0.100370E+07   0.100366E+07   0.925056E-01
   0.131967E+00   0.187982E+07   0.187293E+07  -0.275348E+01  -0.275348E+01   0.108582E+06   0.187070E+07   0.187872E+07   0.187070E+07  -0.444651E-01   0.980707E+06   0.980674E+06   0.854089E-01
   0.134704E+00   0.183411E+07   0.182741E+07  -0.257854E+01  -0.257854E+01   0.102815E+06   0.182520E+07   0.183304E+07   0.182520E+07  -0.433835E-01   0.956858E+06   0.956825E+06   0.826242E-01
   0.137441E+00   0.178693E+07   0.178026E+07  -0.241319E+01  -0.241320E+01   0.972579E+05   0.177822E+07   0.178587E+07   0.177822E+07  -0.422668E-01   0.932230E+06   0.932196E+06   0.833819E-01
   0.140178E+00   0.173869E+07   0.173193E+07  -0.225726E+01  -0.225727E+01   0.919220E+05   0.173016E+07   0.173761E+07   0.173016E+07  -0.411244E-01   0.907038E+06   0.907001E+06   0.867837E-01
   0.142915E+00   0.168993E+07   0.168298E+07  -0.211073E+01  -0.211074E+01   0.868230E+05   0.168157E+07   0.168883E+07   0.168157E+07  -0.399695E-01   0.881570E+06   0.881531E+06   0.918807E-01
   0.145652E+00   0.164127E+07   0.163406E+07  -0.197360E+01  -0.197361E+01   0.819772E+05   0.163306E+07   0.164012E+07   0.163306E+07  -0.388165E-01   0.856142E+06   0.856100E+06   0.977452E-01
   0.148389E+00   0.159328E+07   0.158579E+07  -0.184585E+01  -0.184585E+01   0.773989E+05   0.158523E+07   0.159209E+07   0.158523E+07  -0.376796E-01   0.831071E+06   0.831025E+06   0.103531E+00
   0.151126E+00   0.154657E+07   0.153881E+07  -0.172738E+01  -0.172739E+01   0.730993E+05   0.153866E+07   0.154533E+07   0.153866E+07  -0.365728E-01   0.806661E+06   0.806612E+06   0.108519E+00
   0.153863E+00   0.150168E+07   0.149370E+07  -0.161808E+01  -0.161808E+01   0.690868E+05   0.149393E+07   0.150042E+07   0.149393E+07  -0.355095E-01   0.783212E+06   0.783160E+06   0.112153E+00
   0.156600E+00   0.145917E+07   0.145103E+07  -0.151777E+01  -0.151778E+01   0.653675E+05   0.145157E+07   0.145788E+07   0.145157E+07  -0.345026E-01   0.761007E+06   0.760954E+06   0.114051E+00
   0.159337E+00   0.141951E+07   0.141130E+07  -0.142622E+01  -0.142622E+01   0.619438E+05   0.141206E+07   0.141821E+07   0.141206E+07  -0.335636E-01   0.740297E+06   0.740242E+06   0.114015E+00
   0.162074E+00   0.138305E+07   0.137486E+07  -0.134304E+01  -0.134305E+01   0.588110E+05   0.137575E+07   0.138175E+07   0.137575E+07  -0.327005E-01   0.721263E+06   0.721208E+06   0.112018E+00
   0.164811E+00   0.134994E+07   0.134187E+07  -0.126773E+01  -0.126773E+01   0.559569E+05   0.134280E+07   0.134866E+07   0.134280E+07  -0.319172E-01   0.703989E+06   0.703936E+06   0.108187E+00
   0.167548E+00   0.132013E+07   0.131227E+07  -0.119959E+01  -0.119959E+01   0.533617E+05   0.131315E+07   0.131889E+07   0.131315E+07  -0.312125E-01   0.688447E+06   0.688395E+06   0.102778E+00
   0.170285E+00   0.129338E+07   0.128580E+07  -0.113783E+01  -0.113784E+01   0.509982E+05   0.128655E+07   0.129217E+07   0.128655E+07  -0.305802E-01   0.674502E+06   0.674453E+06   0.961387E-01
   0.173022E+00   0.126925E+07   0.126202E+07  -0.108160E+01  -0.108160E+01   0.488356E+05   0.126257E+07   0.126810E+07   0.126257E+07  -0.300103E-01   0.661932E+06   0.661886E+06   0.886742E-01
   0.175759E+00   0.124725E+07   0.124041E+07  -0.103006E+01  -0.103006E+01   0.468430E+05   0.124073E+07   0.124617E+07   0.124073E+07  -0.294911E-01   0.650482E+06   0.650440E+06   0.808116E-01
   0.178496E+00   0.122689E+07   0.122046E+07  -0.982450E+00  -0.982453E+00   0.449914E+05   0.122052E+07   0.122587E+07   0.122052E+07  -0.290106E-01   0.639885E+06   0.639846E+06   0.729658E-01
   0.181233E+00   0.120767E+07   0.120164E+07  -0.938117E+00  -0.938120E+00   0.432549E+05   0.120144E+07   0.120671E+07   0.120144E+07  -0.285572E-01   0.629885E+06   0.629849E+06   0.655115E-01
   0.183970E+00   0.118915E+07   0.118351E+07  -0.896496E+00  -0.896498E+00   0.416113E+05   0.118306E+07   0.118826E+07   0.118306E+07  -0.281204E-01   0.620250E+06   0.620218E+06   0.587617E-01
   0.186707E+00   0.117094E+07   0.116565E+07  -0.857113E+00  -0.857115E+00   0.400420E+05   0.116498E+07   0.117010E+07   0.116498E+07  -0.276906E-01   0.610772E+06   0.610743E+06   0.529528E-01
   0.189444E+00   0.115269E+07   0.114769E+07  -0.819579E+00  -0.819581E+00   0.385315E+05   0.114685E+07   0.115189E+07   0.114685E+07  -0.272597E-01   0.601267E+06   0.601240E+06   0.482371E-01
   0.192181E+00   0.113410E+07   0.112933E+07  -0.783582E+00  -0.783584E+00   0.370672E+05   0.112838E+07   0.113334E+07   0.112838E+07  -0.268205E-01   0.591582E+06   0.591557E+06   0.446811E-01
   0.194918E+00   0.111497E+07   0.111037E+07  -0.748897E+00  -0.748899E+00   0.356405E+05   0.110935E+07   0.111423E+07   0.110935E+07  -0.263683E-01   0.581608E+06   0.581583E+06   0.422700E-01
   0.197655E+00   0.109517E+07   0.109068E+07  -0.715384E+00  -0.715386E+00   0.342465E+05   0.108966E+07   0.109446E+07   0.108966E+07  -0.259003E-01   0.571285E+06   0.571261E+06   0.409177E-01
   0.200392E+00   0.107473E+07   0.107029E+07  -0.682989E+00  -0.682990E+00   0.328842E+05   0.106931E+07   0.107402E+07   0.106931E+07  -0.254165E-01   0.560617E+06   0.560592E+06   0.404798E-01
   0.203129E+00   0.105373E+07   0.104929E+07  -0.651722E+00  -0.651724E+00   0.315554E+05   0.104840E+07   0.105303E+07   0.104840E+07  -0.249196E-01   0.549657E+06   0.549632E+06   0.407700E-01
   0.205866E+00   0.103237E+07   0.102789E+07  -0.621642E+00  -0.621644E+00   0.302646E+05   0.102712E+07   0.103166E+07   0.102712E+07  -0.244139E-01   0.538503E+06   0.538477E+06   0.415773E-01
   0.208603E+00   0.101088E+07   0.100633E+07  -0.592825E+00  -0.592827E+00   0.290169E+05   0.100571E+07   0.101016E+07   0.100571E+07  -0.239049E-01   0.527277E+06   0.527251E+06   0.426833E-01
   0.211340E+00   0.989505E+06   0.984872E+06  -0.565350E+00  -0.565352E+00   0.278176E+05   0.984416E+06   0.988769E+06   0.984416E+06  -0.233987E-01   0.516114E+06   0.516086E+06   0.438777E-01
   0.214077E+00   0.968500E+06   0.963786E+06  -0.539283E+00  -0.539284E+00   0.266715E+05   0.963488E+06   0.967751E+06   0.963488E+06  -0.229013E-01   0.505143E+06   0.505114E+06   0.449716E-01
   0.216813E+00   0.948096E+06   0.943310E+06  -0.514669E+00  -0.514670E+00   0.255823E+05   0.943160E+06   0.947335E+06   0.943160E+06  -0.224181E-01   0.494486E+06   0.494456E+06   0.458080E-01
   0.225485E+00   0.889536E+06   0.884691E+06  -0.446443E+00  -0.446445E+00   0.225314E+05   0.884842E+06   0.888766E+06   0.884842E+06  -0.210319E-01   0.463913E+06   0.463882E+06   0.456686E-01
   0.234503E+00   0.840831E+06   0.836265E+06  -0.390177E+00  -0.390178E+00   0.199855E+05   0.836390E+06   0.840106E+06   0.836390E+06  -0.198803E-01   0.438512E+06   0.438483E+06   0.407620E-01
   0.243882E+00   0.801079E+06   0.797043E+06  -0.343716E+00  -0.343717E+00   0.178610E+05   0.796893E+06   0.800438E+06   0.796893E+06  -0.189415E-01   0.417805E+06   0.417780E+06   0.331424E-01
   0.253636E+00   0.764575E+06   0.761056E+06  -0.303333E+00  -0.303333E+00   0.159844E+05   0.760627E+06   0.764016E+06   0.760627E+06  -0.180795E-01   0.398792E+06   0.398772E+06   0.265344E-01
   0.263780E+00   0.725801E+06   0.722560E+06  -0.266240E+00  -0.266240E+00   0.142214E+05   0.722065E+06   0.725286E+06   0.722065E+06  -0.171629E-01   0.378575E+06   0.378556E+06   0.233948E-01
   0.274330E+00   0.683399E+06   0.680184E+06  -0.231773E+00  -0.231774E+00   0.125443E+05   0.679851E+06   0.682888E+06   0.679851E+06  -0.161595E-01   0.356444E+06   0.356425E+06   0.231995E-01
   0.285302E+00   0.641057E+06   0.637814E+06  -0.201008E+00  -0.201008E+00   0.110188E+05   0.637690E+06   0.640542E+06   0.637690E+06  -0.151574E-01   0.334340E+06   0.334320E+06   0.233167E-01
   0.296712E+00   0.603586E+06   0.600461E+06  -0.174982E+00  -0.174983E+00   0.971150E+04   0.600401E+06   0.603089E+06   0.600401E+06  -0.142710E-01   0.314791E+06   0.314772E+06   0.216440E-01
   0.308579E+00   0.571982E+06   0.569139E+06  -0.153319E+00  -0.153319E+00   0.861180E+04   0.568980E+06   0.571530E+06   0.568980E+06  -0.135242E-01   0.298317E+06   0.298300E+06   0.184369E-01
   0.320921E+00   0.542960E+06   0.540400E+06  -0.134568E+00  -0.134568E+00   0.764684E+04   0.540130E+06   0.542553E+06   0.540130E+06  -0.128384E-01   0.283192E+06   0.283177E+06   0.155667E-01
   0.333756E+00   0.512932E+06   0.510517E+06  -0.117538E+00  -0.117538E+00   0.675455E+04   0.510257E+06   0.512549E+06   0.510257E+06  -0.121284E-01   0.267530E+06   0.267516E+06   0.142137E-01
   0.347104E+00   0.482116E+06   0.479750E+06  -0.102142E+00  -0.102142E+00   0.593381E+04   0.479584E+06   0.481740E+06   0.479584E+06  -0.113993E-01   0.251449E+06   0.251434E+06   0.137074E-01
   0.360987E+00   0.453590E+06   0.451315E+06  -0.888491E-01  -0.888493E-01   0.521605E+04   0.451199E+06   0.453228E+06   0.451199E+06  -0.107246E-01   0.236566E+06   0.236553E+06   0.127497E-01
   0.375424E+00   0.428523E+06   0.426421E+06  -0.776094E-01  -0.776096E-01   0.460266E+04   0.426270E+06   0.428189E+06   0.426270E+06  -0.101321E-01   0.223497E+06   0.223484E+06   0.111647E-01
   0.390439E+00   0.405079E+06   0.403140E+06  -0.678313E-01  -0.678314E-01   0.406236E+04   0.402956E+06   0.404771E+06   0.402956E+06  -0.957791E-02   0.211273E+06   0.211261E+06   0.979836E-02
   0.406055E+00   0.381569E+06   0.379724E+06  -0.590751E-01  -0.590752E-01   0.357154E+04   0.379565E+06   0.381276E+06   0.379565E+06  -0.902194E-02   0.199010E+06   0.198998E+06   0.904281E-02
   0.422295E+00   0.358828E+06   0.357060E+06  -0.513635E-01  -0.513637E-01   0.313374E+04   0.356937E+06   0.358547E+06   0.356937E+06  -0.848410E-02   0.187146E+06   0.187135E+06   0.840145E-02
   0.439185E+00   0.338172E+06   0.336516E+06  -0.447559E-01  -0.447560E-01   0.275470E+04   0.336391E+06   0.337909E+06   0.336391E+06  -0.799572E-02   0.176373E+06   0.176363E+06   0.752373E-02
   0.456750E+00   0.318933E+06   0.317391E+06  -0.390263E-01  -0.390264E-01   0.242246E+04   0.317255E+06   0.318688E+06   0.317255E+06  -0.754089E-02   0.166341E+06   0.166331E+06   0.669754E-02
   0.475017E+00   0.300190E+06   0.298730E+06  -0.339621E-01  -0.339622E-01   0.212536E+04   0.298609E+06   0.299958E+06   0.298609E+06  -0.709767E-02   0.156564E+06   0.156555E+06   0.612229E-02
   0.494016E+00   0.282390E+06   0.281008E+06  -0.295385E-01  -0.295386E-01   0.186307E+04   0.280901E+06   0.282171E+06   0.280901E+06  -0.667677E-02   0.147280E+06   0.147272E+06   0.558753E-02
   0.513774E+00   0.265916E+06   0.264623E+06  -0.257174E-01  -0.257175E-01   0.163434E+04   0.264515E+06   0.265711E+06   0.264515E+06  -0.628729E-02   0.138689E+06   0.138681E+06   0.501112E-02
   0.534322E+00   0.250277E+06   0.249062E+06  -0.223792E-01  -0.223793E-01   0.143255E+04   0.248958E+06   0.250084E+06   0.248958E+06  -0.591752E-02   0.130532E+06   0.130525E+06   0.452721E-02
   0.555692E+00   0.235354E+06   0.234206E+06  -0.194574E-01  -0.194575E-01   0.125421E+04   0.234112E+06   0.235172E+06   0.234112E+06  -0.556465E-02   0.122748E+06   0.122742E+06   0.411794E-02
   0.577917E+00   0.221389E+06   0.220311E+06  -0.169224E-01  -0.169224E-01   0.109812E+04   0.220221E+06   0.221218E+06   0.220221E+06  -0.523446E-02   0.115465E+06   0.115459E+06   0.371324E-02
   0.601030E+00   0.208211E+06   0.207198E+06  -0.147146E-01  -0.147146E-01   0.960990E+03   0.207112E+06   0.208050E+06   0.207112E+06  -0.492287E-02   0.108592E+06   0.108586E+06   0.335324E-02
   0.625068E+00   0.195717E+06   0.194764E+06  -0.127883E-01  -0.127884E-01   0.840338E+03   0.194684E+06   0.195566E+06   0.194684E+06  -0.462747E-02   0.102076E+06   0.102070E+06   0.303760E-02
   0.650068E+00   0.183978E+06   0.183083E+06  -0.111146E-01  -0.111146E-01   0.734664E+03   0.183007E+06   0.183836E+06   0.183007E+06  -0.434991E-02   0.959533E+05   0.959480E+05   0.274136E-02
   0.810775E+00   0.129318E+06   0.128689E+06  -0.502243E-02  -0.502244E-02   0.341648E+03   0.128634E+06   0.129218E+06   0.128634E+06  -0.305753E-02   0.674454E+05   0.674417E+05   0.154481E-02
   0.101121E+01   0.903707E+05   0.899312E+05  -0.225635E-02  -0.225635E-02   0.156908E+03   0.898926E+05   0.903009E+05   0.898926E+05  -0.213667E-02   0.471324E+05   0.471298E+05   0.865767E-03
   0.126120E+01   0.628223E+05   0.625168E+05  -0.100836E-02  -0.100836E-02   0.712936E+02   0.624897E+05   0.627738E+05   0.624897E+05  -0.148533E-02   0.327646E+05   0.327628E+05   0.483026E-03
   0.157299E+01   0.434654E+05   0.432541E+05  -0.448501E-03  -0.448502E-03   0.320990E+02   0.432352E+05   0.434318E+05   0.432352E+05  -0.102766E-02   0.226691E+05   0.226679E+05   0.268493E-03
   0.196186E+01   0.299444E+05   0.297988E+05  -0.198634E-03  -0.198635E-03   0.143413E+02   0.297858E+05   0.299212E+05   0.297858E+05  -0.707982E-03   0.156173E+05   0.156164E+05   0.148832E-03
   0.244686E+01   0.205495E+05   0.204496E+05  -0.876311E-04  -0.876314E-04   0.636609E+01   0.204406E+05   0.205336E+05   0.204406E+05  -0.485857E-03   0.107175E+05   0.107169E+05   0.823672E-04
   0.305176E+01   0.140526E+05   0.139843E+05  -0.385240E-04  -0.385241E-04   0.281058E+01   0.139781E+05   0.140417E+05   0.139781E+05  -0.332248E-03   0.732904E+04   0.732863E+04   0.455794E-04
   0.380621E+01   0.957892E+04   0.953233E+04  -0.168814E-04  -0.168815E-04   0.123518E+01   0.952817E+04   0.957152E+04   0.952817E+04  -0.226476E-03   0.499583E+04   0.499554E+04   0.252719E-04
   0.474716E+01   0.651031E+04   0.647862E+04  -0.737583E-05  -0.737585E-05   0.540724E+00   0.647581E+04   0.650527E+04   0.647581E+04  -0.153924E-03   0.339541E+04   0.339521E+04   0.140804E-04
   0.592074E+01   0.441285E+04   0.439134E+04  -0.321400E-05  -0.321401E-05   0.235921E+00   0.438946E+04   0.440943E+04   0.438946E+04  -0.104334E-03   0.230149E+04   0.230135E+04   0.791464E-05
   0.738444E+01   0.298376E+04   0.296919E+04  -0.139704E-05  -0.139704E-05   0.102634E+00   0.296794E+04   0.298145E+04   0.296794E+04  -0.705455E-04   0.155616E+04   0.155606E+04   0.451265E-05
   0.920999E+01   0.201290E+04   0.200304E+04  -0.605877E-06  -0.605879E-06   0.445354E-01   0.200223E+04   0.201134E+04   0.200223E+04  -0.475912E-04   0.104981E+04   0.104974E+04   0.262787E-05
   0.114869E+02   0.135509E+04   0.134842E+04  -0.262210E-06  -0.262210E-06   0.192804E-01   0.134790E+04   0.135403E+04   0.134790E+04  -0.320384E-04   0.706735E+03   0.706681E+03   0.157555E-05
   0.143266E+02   0.910480E+03   0.905963E+03  -0.113258E-06  -0.113258E-06   0.832979E-02   0.905641E+03   0.909762E+03   0.905641E+03  -0.215263E-04   0.474849E+03   0.474807E+03   0.980495E-06
   0.178683E+02   0.610637E+03   0.607572E+03  -0.488316E-07  -0.488317E-07   0.359191E-02   0.607386E+03   0.610150E+03   0.607386E+03  -0.144371E-04   0.318468E+03   0.318433E+03   0.637444E-06
   0.222857E+02   0.408844E+03   0.406755E+03  -0.210183E-07  -0.210183E-07   0.154614E-02   0.406662E+03   0.408512E+03   0.406662E+03  -0.966600E-05   0.213223E+03   0.213194E+03   0.434203E-06
   0.277951E+02   0.273297E+03   0.271862E+03  -0.903230E-08  -0.903233E-08   0.664441E-03   0.271832E+03   0.273069E+03   0.271832E+03  -0.646122E-05   0.142529E+03   0.142504E+03   0.309397E-06
   0.346665E+02   0.182409E+03   0.181410E+03  -0.387558E-08  -0.387559E-08   0.285092E-03   0.181424E+03   0.182250E+03   0.181424E+03  -0.431230E-05   0.951266E+02   0.951027E+02   0.229360E-06
   0.432366E+02   0.121564E+03   0.120857E+03  -0.166047E-08  -0.166048E-08   0.122138E-03   0.120902E+03   0.121452E+03   0.120902E+03  -0.287373E-05   0.633933E+02   0.633705E+02   0.175520E-06
   0.539254E+02   0.808941E+02   0.803805E+02  -0.710376E-09  -0.710378E-09   0.522441E-04   0.804465E+02   0.808125E+02   0.804465E+02  -0.191214E-05   0.421818E+02   0.421596E+02   0.137528E-06
   0.672566E+02   0.537474E+02   0.533616E+02  -0.303451E-09  -0.303452E-09   0.223136E-04   0.534429E+02   0.536861E+02   0.534429E+02  -0.127029E-05   0.280233E+02   0.280012E+02   0.109528E-06
   0.838835E+02   0.356508E+02   0.353494E+02  -0.129415E-09  -0.129416E-09   0.951224E-05   0.354416E+02   0.356029E+02   0.354416E+02  -0.842418E-06   0.185849E+02   0.185627E+02   0.881238E-07
   0.104621E+03   0.236020E+02   0.233559E+02  -0.550918E-10  -0.550920E-10   0.404715E-05   0.234562E+02   0.235629E+02   0.234562E+02  -0.557534E-06   0.123007E+02   0.122784E+02   0.712828E-07
   0.130485E+03   0.155892E+02   0.153794E+02  -0.234012E-10  -0.234013E-10   0.171776E-05   0.154854E+02   0.155558E+02   0.154854E+02  -0.368074E-06   0.812149E+01   0.809891E+01   0.577343E-07
   0.162743E+03   0.102665E+02   0.100809E+02  -0.991289E-11  -0.991292E-11   0.726692E-06   0.101906E+02   0.102370E+02   0.101906E+02  -0.242222E-06   0.534536E+01   0.532260E+01   0.466461E-07
   0.202975E+03   0.673516E+01   0.656660E+01  -0.418426E-11  -0.418428E-11   0.306141E-06   0.667799E+01   0.670838E+01   0.667799E+01  -0.158730E-06   0.350362E+01   0.348083E+01   0.374480E-07
   0.253154E+03   0.439610E+01   0.424081E+01  -0.175800E-11  -0.175801E-11   0.128247E-06   0.435163E+01   0.437143E+01   0.435163E+01  -0.103435E-06   0.228383E+01   0.226126E+01   0.297383E-07
   0.315738E+03   0.285060E+01   0.270756E+01  -0.734239E-12  -0.734241E-12   0.533308E-07   0.281506E+01   0.282787E+01   0.281506E+01  -0.669116E-07   0.147811E+01   0.145612E+01   0.232379E-07
   0.393793E+03   0.183379E+01   0.170401E+01  -0.304494E-12  -0.304495E-12   0.219786E-07   0.180496E+01   0.181317E+01   0.180496E+01  -0.429024E-07   0.948380E+00   0.927401E+00   0.177701E-07
   0.491145E+03   0.116981E+01   0.105532E+01  -0.125370E-12  -0.125370E-12   0.897396E-08   0.114640E+01   0.115162E+01   0.114640E+01  -0.272491E-07   0.602920E+00   0.583414E+00   0.132476E-07
   0.612565E+03   0.741250E+00   0.643812E+00  -0.513600E-13  -0.513601E-13   0.363483E-08   0.722482E+00   0.725770E+00   0.722482E+00  -0.171728E-07   0.380448E+00   0.362745E+00   0.964021E-08
   0.764000E+03   0.468521E+00   0.388138E+00  -0.210393E-13  -0.210393E-13   0.146888E-08   0.453686E+00   0.455751E+00   0.453686E+00  -0.107837E-07   0.239306E+00   0.223502E+00   0.690007E-08
   0.952874E+03   0.296652E+00   0.231411E+00  -0.866082E-14  -0.866084E-14   0.593175E-09   0.284990E+00   0.286287E+00   0.284990E+00  -0.677398E-08   0.150660E+00   0.136707E+00   0.488433E-08
   0.118844E+04   0.188347E+00   0.136057E+00  -0.358666E-14  -0.358667E-14   0.239357E-09   0.179224E+00   0.180040E+00   0.179224E+00  -0.426000E-08   0.950170E-01   0.829053E-01   0.339946E-08
   0.148224E+04   0.119959E+00   0.788404E-01  -0.149519E-14  -0.149520E-14   0.969737E-10   0.112913E+00   0.113427E+00   0.112913E+00  -0.268384E-08   0.600718E-01   0.497487E-01   0.232313E-08
   0.184867E+04   0.767040E-01   0.448848E-01  -0.627923E-15  -0.627924E-15   0.395036E-10   0.713243E-01   0.716489E-01   0.713243E-01  -0.169532E-08   0.381053E-01   0.294708E-01   0.155795E-08
   0.230570E+04   0.492335E-01   0.250576E-01  -0.265465E-15  -0.265466E-15   0.162152E-10   0.451871E-01   0.453927E-01   0.451871E-01  -0.107406E-08   0.242575E-01   0.171844E-01   0.102327E-08
   0.287570E+04   0.317174E-01   0.136810E-01  -0.112851E-15  -0.112851E-15   0.651454E-11   0.287213E-01   0.288520E-01   0.287213E-01  -0.682680E-09   0.154997E-01   0.983445E-02   0.657131E-09
   0.358662E+04   0.205020E-01   0.729058E-02  -0.481656E-16  -0.481657E-16   0.264635E-11   0.183198E-01   0.184032E-01   0.183198E-01  -0.435446E-09   0.994109E-02   0.550841E-02   0.412250E-09
   0.447329E+04   0.132918E-01   0.378660E-02  -0.206041E-16  -0.206041E-16   0.114776E-11   0.117284E-01   0.117817E-01   0.117284E-01  -0.278773E-09   0.639942E-02   0.301230E-02   0.252571E-09
   0.557916E+04   0.863885E-02   0.191519E-02  -0.881909E-17  -0.881910E-17   0.435300E-12   0.753638E-02   0.757067E-02   0.753638E-02  -0.179133E-09   0.413365E-02   0.160553E-02   0.151150E-09
   0.695842E+04   0.562599E-02   0.943274E-03  -0.377177E-17  -0.377178E-17   0.201472E-12   0.485994E-02   0.488206E-02   0.485994E-02  -0.115517E-09   0.267823E-02   0.833156E-03   0.884470E-10
   0.867866E+04   0.366950E-02   0.452693E-03  -0.161024E-17  -0.161024E-17   0.756442E-13   0.314415E-02   0.315845E-02   0.314415E-02  -0.747336E-10   0.173972E-02   0.420888E-03   0.506894E-10
   0.108242E+05   0.239603E-02   0.211935E-03  -0.685845E-18  -0.685845E-18   0.377144E-13   0.203976E-02   0.204905E-02   0.203976E-02  -0.484835E-10   0.113240E-02   0.207230E-03   0.285108E-10
   0.135001E+05   0.156565E-02   0.969537E-04  -0.291388E-18  -0.291388E-18   0.993472E-14   0.132629E-02   0.133232E-02   0.132629E-02  -0.315247E-10   0.738235E-03   0.998150E-04   0.157743E-10
   0.168375E+05   0.102350E-02   0.434626E-04  -0.123499E-18  -0.123499E-18   0.471351E-14   0.863875E-03   0.867806E-03   0.863875E-03  -0.205336E-10   0.481795E-03   0.474408E-04   0.860490E-11
   0.210000E+05   0.669233E-03   0.191987E-04  -0.522272E-19  -0.522272E-19   0.408926E-14   0.563399E-03   0.565963E-03   0.563399E-03  -0.133915E-10   0.314661E-03   0.225634E-04   0.463968E-11
