#           k/h    P           
   0.100000E-03   0.460363E+03
   0.102020E-03   0.469293E+03
   0.104081E-03   0.478396E+03
   0.106184E-03   0.487675E+03
   0.108329E-03   0.497134E+03
   0.110517E-03   0.506776E+03
   0.112750E-03   0.516605E+03
   0.115027E-03   0.526625E+03
   0.117351E-03   0.536838E+03
   0.119722E-03   0.547249E+03
   0.122140E-03   0.557862E+03
   0.124608E-03   0.568680E+03
   0.127125E-03   0.579708E+03
   0.129693E-03   0.590949E+03
   0.132313E-03   0.602407E+03
   0.134986E-03   0.614088E+03
   0.137713E-03   0.625994E+03
   0.140495E-03   0.638131E+03
   0.143333E-03   0.650502E+03
   0.146228E-03   0.663113E+03
   0.149182E-03   0.675968E+03
   0.152196E-03   0.689071E+03
   0.155271E-03   0.702428E+03
   0.158407E-03   0.716043E+03
   0.161607E-03   0.729921E+03
   0.164872E-03   0.744068E+03
   0.168203E-03   0.758487E+03
   0.171601E-03   0.773185E+03
   0.175067E-03   0.788168E+03
   0.178604E-03   0.803439E+03
   0.182212E-03   0.819005E+03
   0.185893E-03   0.834872E+03
   0.189648E-03   0.851045E+03
   0.193479E-03   0.867531E+03
   0.197388E-03   0.884334E+03
   0.201375E-03   0.901461E+03
   0.205443E-03   0.918919E+03
   0.209594E-03   0.936713E+03
   0.213828E-03   0.954850E+03
   0.218147E-03   0.973337E+03
   0.222554E-03   0.992180E+03
   0.227050E-03   0.101139E+04
   0.231637E-03   0.103096E+04
   0.236316E-03   0.105091E+04
   0.241090E-03   0.107125E+04
   0.245960E-03   0.109197E+04
   0.250929E-03   0.111310E+04
   0.255998E-03   0.113463E+04
   0.261170E-03   0.115658E+04
   0.266446E-03   0.117894E+04
   0.271828E-03   0.120174E+04
   0.277319E-03   0.122497E+04
   0.282922E-03   0.124865E+04
   0.288637E-03   0.127278E+04
   0.294468E-03   0.129738E+04
   0.300417E-03   0.132244E+04
   0.306485E-03   0.134799E+04
   0.312677E-03   0.137402E+04
   0.318993E-03   0.140056E+04
   0.325437E-03   0.142760E+04
   0.332012E-03   0.145515E+04
   0.338719E-03   0.148323E+04
   0.345561E-03   0.151185E+04
   0.352542E-03   0.154101E+04
   0.359664E-03   0.157073E+04
   0.366930E-03   0.160101E+04
   0.374342E-03   0.163188E+04
   0.381904E-03   0.166332E+04
   0.389619E-03   0.169537E+04
   0.397490E-03   0.172802E+04
   0.405520E-03   0.176129E+04
   0.413712E-03   0.179520E+04
   0.422070E-03   0.182974E+04
   0.430596E-03   0.186494E+04
   0.439295E-03   0.190080E+04
   0.448169E-03   0.193734E+04
   0.457222E-03   0.197457E+04
   0.466459E-03   0.201251E+04
   0.475882E-03   0.205115E+04
   0.485496E-03   0.209053E+04
   0.495303E-03   0.213064E+04
   0.505309E-03   0.217150E+04
   0.515517E-03   0.221313E+04
   0.525931E-03   0.225555E+04
   0.536556E-03   0.229875E+04
   0.547395E-03   0.234276E+04
   0.558453E-03   0.238759E+04
   0.569734E-03   0.243326E+04
   0.581244E-03   0.247978E+04
   0.592986E-03   0.252716E+04
   0.604965E-03   0.257542E+04
   0.617186E-03   0.262458E+04
   0.629654E-03   0.267464E+04
   0.642374E-03   0.272563E+04
   0.655350E-03   0.277756E+04
   0.668589E-03   0.283045E+04
   0.682096E-03   0.288431E+04
   0.695875E-03   0.293915E+04
   0.709933E-03   0.299500E+04
   0.724274E-03   0.305188E+04
   0.738906E-03   0.310979E+04
   0.753832E-03   0.316875E+04
   0.769061E-03   0.322879E+04
   0.784597E-03   0.328992E+04
   0.800447E-03   0.335216E+04
   0.816617E-03   0.341552E+04
   0.833114E-03   0.348002E+04
   0.849944E-03   0.354569E+04
   0.867114E-03   0.361253E+04
   0.884631E-03   0.368057E+04
   0.902501E-03   0.374983E+04
   0.920733E-03   0.382032E+04
   0.939333E-03   0.389206E+04
   0.958309E-03   0.396507E+04
   0.977668E-03   0.403938E+04
   0.997418E-03   0.411500E+04
   0.101757E-02   0.419194E+04
   0.103812E-02   0.427024E+04
   0.105910E-02   0.434991E+04
   0.108049E-02   0.443096E+04
   0.110232E-02   0.451343E+04
   0.112459E-02   0.459732E+04
   0.114730E-02   0.468266E+04
   0.117048E-02   0.476947E+04
   0.119413E-02   0.485777E+04
   0.121825E-02   0.494757E+04
   0.124286E-02   0.503890E+04
   0.126797E-02   0.513178E+04
   0.129358E-02   0.522623E+04
   0.131971E-02   0.532226E+04
   0.134637E-02   0.541989E+04
   0.137357E-02   0.551916E+04
   0.140132E-02   0.562007E+04
   0.142963E-02   0.572264E+04
   0.145851E-02   0.582691E+04
   0.148797E-02   0.593287E+04
   0.151803E-02   0.604057E+04
   0.154870E-02   0.615001E+04
   0.157998E-02   0.626121E+04
   0.161190E-02   0.637419E+04
   0.164446E-02   0.648897E+04
   0.167768E-02   0.660556E+04
   0.171158E-02   0.672399E+04
   0.174615E-02   0.684427E+04
   0.178143E-02   0.696641E+04
   0.181741E-02   0.709044E+04
   0.185413E-02   0.721636E+04
   0.189158E-02   0.734420E+04
   0.192980E-02   0.747397E+04
   0.196878E-02   0.760569E+04
   0.200855E-02   0.773937E+04
   0.204913E-02   0.787502E+04
   0.209052E-02   0.801266E+04
   0.213276E-02   0.815230E+04
   0.217584E-02   0.829395E+04
   0.221979E-02   0.843762E+04
   0.226464E-02   0.858333E+04
   0.231039E-02   0.873107E+04
   0.235706E-02   0.888086E+04
   0.240467E-02   0.903270E+04
   0.245325E-02   0.918660E+04
   0.250281E-02   0.934256E+04
   0.255337E-02   0.950059E+04
   0.260495E-02   0.966069E+04
   0.265758E-02   0.982286E+04
   0.271126E-02   0.998711E+04
   0.276603E-02   0.101534E+05
   0.282191E-02   0.103218E+05
   0.287892E-02   0.104923E+05
   0.293708E-02   0.106649E+05
   0.299641E-02   0.108395E+05
   0.305694E-02   0.110161E+05
   0.311870E-02   0.111948E+05
   0.318170E-02   0.113755E+05
   0.324597E-02   0.115583E+05
   0.331155E-02   0.117430E+05
   0.337844E-02   0.119297E+05
   0.344669E-02   0.121184E+05
   0.351632E-02   0.123091E+05
   0.358735E-02   0.125016E+05
   0.365982E-02   0.126960E+05
   0.373376E-02   0.128923E+05
   0.380918E-02   0.130905E+05
   0.388613E-02   0.132904E+05
   0.396464E-02   0.134921E+05
   0.404473E-02   0.136956E+05
   0.412644E-02   0.139008E+05
   0.420980E-02   0.141076E+05
   0.429484E-02   0.143160E+05
   0.438160E-02   0.145260E+05
   0.447012E-02   0.147375E+05
   0.456042E-02   0.149504E+05
   0.465255E-02   0.151648E+05
   0.474653E-02   0.153805E+05
   0.484242E-02   0.155975E+05
   0.494024E-02   0.158156E+05
   0.504004E-02   0.160349E+05
   0.514186E-02   0.162553E+05
   0.524573E-02   0.164767E+05
   0.535170E-02   0.166989E+05
   0.545981E-02   0.169220E+05
   0.557011E-02   0.171459E+05
   0.568263E-02   0.173703E+05
   0.579743E-02   0.175953E+05
   0.591455E-02   0.178208E+05
   0.603403E-02   0.180466E+05
   0.615592E-02   0.182726E+05
   0.628028E-02   0.184987E+05
   0.640715E-02   0.187248E+05
   0.653658E-02   0.189508E+05
   0.666863E-02   0.191766E+05
   0.680335E-02   0.194019E+05
   0.694078E-02   0.196268E+05
   0.708100E-02   0.198509E+05
   0.722404E-02   0.200743E+05
   0.736998E-02   0.202967E+05
   0.751886E-02   0.205180E+05
   0.767075E-02   0.207380E+05
   0.782571E-02   0.209566E+05
   0.798380E-02   0.211735E+05
   0.814509E-02   0.213887E+05
   0.830963E-02   0.216019E+05
   0.847750E-02   0.218129E+05
   0.864875E-02   0.220215E+05
   0.882347E-02   0.222276E+05
   0.900171E-02   0.224310E+05
   0.918356E-02   0.226314E+05
   0.936908E-02   0.228286E+05
   0.955835E-02   0.230224E+05
   0.975144E-02   0.232126E+05
   0.994843E-02   0.233989E+05
   0.101494E-01   0.235811E+05
   0.103544E-01   0.237590E+05
   0.105636E-01   0.239324E+05
   0.107770E-01   0.241009E+05
   0.109947E-01   0.242643E+05
   0.112168E-01   0.244224E+05
   0.114434E-01   0.245749E+05
   0.116746E-01   0.247215E+05
   0.119104E-01   0.248620E+05
   0.121510E-01   0.249960E+05
   0.123965E-01   0.251234E+05
   0.126469E-01   0.252438E+05
   0.129024E-01   0.253570E+05
   0.131631E-01   0.254626E+05
   0.134290E-01   0.255604E+05
   0.137003E-01   0.256502E+05
   0.139770E-01   0.257315E+05
   0.142594E-01   0.258041E+05
   0.145474E-01   0.258679E+05
   0.148413E-01   0.259223E+05
   0.151411E-01   0.259673E+05
   0.154470E-01   0.260025E+05
   0.157590E-01   0.260277E+05
   0.160774E-01   0.260426E+05
   0.164022E-01   0.260469E+05
   0.167335E-01   0.260404E+05
   0.170716E-01   0.260230E+05
   0.174164E-01   0.259942E+05
   0.177683E-01   0.259541E+05
   0.181272E-01   0.259023E+05
   0.184934E-01   0.258387E+05
   0.188670E-01   0.257631E+05
   0.192481E-01   0.256755E+05
   0.196370E-01   0.255756E+05
   0.200337E-01   0.254635E+05
   0.204384E-01   0.253390E+05
   0.208513E-01   0.252021E+05
   0.212725E-01   0.250528E+05
   0.217022E-01   0.248911E+05
   0.221406E-01   0.247171E+05
   0.225879E-01   0.245309E+05
   0.230442E-01   0.243327E+05
   0.235097E-01   0.241225E+05
   0.239847E-01   0.239006E+05
   0.244692E-01   0.236673E+05
   0.249635E-01   0.234228E+05
   0.254678E-01   0.231676E+05
   0.259823E-01   0.229019E+05
   0.265072E-01   0.226262E+05
   0.270426E-01   0.223411E+05
   0.275889E-01   0.220470E+05
   0.281463E-01   0.217446E+05
   0.287149E-01   0.214344E+05
   0.292949E-01   0.211171E+05
   0.298867E-01   0.207935E+05
   0.304905E-01   0.204643E+05
   0.311064E-01   0.201303E+05
   0.317348E-01   0.197923E+05
   0.323759E-01   0.194513E+05
   0.330299E-01   0.191081E+05
   0.336972E-01   0.187636E+05
   0.343779E-01   0.184188E+05
   0.350724E-01   0.180747E+05
   0.357809E-01   0.177326E+05
   0.365038E-01   0.173919E+05
   0.372412E-01   0.170525E+05
   0.379935E-01   0.167158E+05
   0.387610E-01   0.163837E+05
   0.395440E-01   0.160578E+05
   0.403429E-01   0.157392E+05
   0.411579E-01   0.154288E+05
   0.419893E-01   0.151273E+05
   0.428375E-01   0.148354E+05
   0.437029E-01   0.145538E+05
   0.445858E-01   0.142829E+05
   0.454865E-01   0.140227E+05
   0.464053E-01   0.137735E+05
   0.473428E-01   0.135350E+05
   0.482992E-01   0.133070E+05
   0.492749E-01   0.130891E+05
   0.502703E-01   0.128808E+05
   0.512858E-01   0.126814E+05
   0.523219E-01   0.124901E+05
   0.533789E-01   0.123063E+05
   0.544572E-01   0.121295E+05
   0.555573E-01   0.119591E+05
   0.566796E-01   0.117935E+05
   0.578246E-01   0.116347E+05
   0.589927E-01   0.114863E+05
   0.601845E-01   0.113424E+05
   0.614003E-01   0.111941E+05
   0.626407E-01   0.110391E+05
   0.639061E-01   0.108800E+05
   0.651971E-01   0.107173E+05
   0.665142E-01   0.105484E+05
   0.678578E-01   0.103711E+05
   0.692287E-01   0.101845E+05
   0.706272E-01   0.998755E+04
   0.720539E-01   0.977959E+04
   0.735095E-01   0.956018E+04
   0.749945E-01   0.932945E+04
   0.765095E-01   0.908795E+04
   0.780551E-01   0.883661E+04
   0.796319E-01   0.857680E+04
   0.812406E-01   0.831020E+04
   0.828817E-01   0.803883E+04
   0.845561E-01   0.776486E+04
   0.862642E-01   0.749064E+04
   0.880068E-01   0.721866E+04
   0.897847E-01   0.695144E+04
   0.915985E-01   0.669154E+04
   0.934489E-01   0.644148E+04
   0.953367E-01   0.620365E+04
   0.972626E-01   0.598019E+04
   0.992274E-01   0.577283E+04
   0.101232E+00   0.558281E+04
   0.103277E+00   0.541073E+04
   0.105363E+00   0.525647E+04
   0.107492E+00   0.511928E+04
   0.109663E+00   0.499776E+04
   0.111879E+00   0.489001E+04
   0.114139E+00   0.479370E+04
   0.116445E+00   0.470611E+04
   0.118797E+00   0.462418E+04
   0.121197E+00   0.454450E+04
   0.123645E+00   0.446342E+04
   0.126143E+00   0.437721E+04
   0.128691E+00   0.428253E+04
   0.131291E+00   0.417684E+04
   0.133943E+00   0.405888E+04
   0.136649E+00   0.392895E+04
   0.139409E+00   0.378877E+04
   0.142226E+00   0.364115E+04
   0.145099E+00   0.348942E+04
   0.148030E+00   0.333704E+04
   0.151020E+00   0.318739E+04
   0.154071E+00   0.304377E+04
   0.157184E+00   0.290942E+04
   0.160359E+00   0.278728E+04
   0.163598E+00   0.267951E+04
   0.166903E+00   0.258696E+04
   0.170275E+00   0.250881E+04
   0.173715E+00   0.244269E+04
   0.177224E+00   0.238526E+04
   0.180804E+00   0.233276E+04
   0.184457E+00   0.228153E+04
   0.188183E+00   0.222819E+04
   0.191985E+00   0.216987E+04
   0.195863E+00   0.210450E+04
   0.199820E+00   0.203137E+04
   0.203856E+00   0.195142E+04
   0.207974E+00   0.186708E+04
   0.212176E+00   0.178168E+04
   0.216462E+00   0.169873E+04
   0.220835E+00   0.162140E+04
   0.225296E+00   0.155209E+04
   0.229847E+00   0.149218E+04
   0.234490E+00   0.144116E+04
   0.239227E+00   0.139764E+04
   0.244060E+00   0.135861E+04
   0.248990E+00   0.132104E+04
   0.254020E+00   0.128225E+04
   0.259152E+00   0.124031E+04
   0.264387E+00   0.119462E+04
   0.269728E+00   0.114559E+04
   0.275177E+00   0.109523E+04
   0.280736E+00   0.104575E+04
   0.286407E+00   0.999612E+03
   0.292193E+00   0.958275E+03
   0.298096E+00   0.921858E+03
   0.304118E+00   0.889701E+03
   0.310261E+00   0.860217E+03
   0.316529E+00   0.831707E+03
   0.322923E+00   0.802392E+03
   0.329447E+00   0.771536E+03
   0.336102E+00   0.739594E+03
   0.342892E+00   0.707582E+03
   0.349819E+00   0.676962E+03
   0.356885E+00   0.648644E+03
   0.364095E+00   0.622992E+03
   0.371450E+00   0.599598E+03
   0.378954E+00   0.577459E+03
   0.386609E+00   0.555727E+03
   0.394419E+00   0.533749E+03
   0.402387E+00   0.511604E+03
   0.410516E+00   0.489849E+03
   0.418809E+00   0.469064E+03
   0.427269E+00   0.449747E+03
   0.435901E+00   0.431780E+03
   0.444706E+00   0.414724E+03
   0.453690E+00   0.398170E+03
   0.462855E+00   0.381802E+03
   0.472206E+00   0.365735E+03
   0.481745E+00   0.350251E+03
   0.491477E+00   0.335530E+03
   0.501405E+00   0.321654E+03
   0.511534E+00   0.308438E+03
   0.521868E+00   0.295647E+03
   0.532411E+00   0.283225E+03
   0.543166E+00   0.271193E+03
   0.554139E+00   0.259649E+03
   0.565333E+00   0.248671E+03
   0.576753E+00   0.238183E+03
   0.588404E+00   0.228091E+03
   0.600291E+00   0.218364E+03
   0.612418E+00   0.208993E+03
   0.624789E+00   0.200009E+03
   0.637411E+00   0.191424E+03
   0.650288E+00   0.183205E+03
   0.663424E+00   0.175316E+03
   0.676826E+00   0.167743E+03
   0.690499E+00   0.160476E+03
   0.704448E+00   0.153503E+03
   0.718679E+00   0.146816E+03
   0.733197E+00   0.140403E+03
   0.748009E+00   0.134255E+03
   0.763119E+00   0.128362E+03
   0.778536E+00   0.122716E+03
   0.794263E+00   0.117307E+03
   0.810308E+00   0.112127E+03
   0.826677E+00   0.107166E+03
   0.843378E+00   0.102416E+03
   0.860415E+00   0.978681E+02
   0.877797E+00   0.935142E+02
   0.895529E+00   0.893464E+02
   0.913620E+00   0.853570E+02
   0.932076E+00   0.815387E+02
   0.950906E+00   0.778844E+02
   0.970115E+00   0.743874E+02
   0.989713E+00   0.710411E+02
   0.100971E+01   0.678394E+02
   0.103010E+01   0.647763E+02
   0.105091E+01   0.618460E+02
   0.107214E+01   0.590432E+02
   0.109380E+01   0.563626E+02
   0.111590E+01   0.537992E+02
   0.113844E+01   0.513481E+02
   0.116144E+01   0.490047E+02
   0.118490E+01   0.467644E+02
   0.120884E+01   0.446230E+02
   0.123326E+01   0.425762E+02
   0.125817E+01   0.406202E+02
   0.128359E+01   0.387511E+02
   0.130952E+01   0.369651E+02
   0.133597E+01   0.352588E+02
   0.136296E+01   0.336288E+02
   0.139049E+01   0.320717E+02
   0.141858E+01   0.305845E+02
   0.144724E+01   0.291641E+02
   0.147648E+01   0.278076E+02
   0.150630E+01   0.265124E+02
   0.153673E+01   0.252756E+02
   0.156778E+01   0.240949E+02
   0.159945E+01   0.229677E+02
   0.163176E+01   0.218917E+02
   0.166472E+01   0.208647E+02
   0.169835E+01   0.198845E+02
   0.173266E+01   0.189491E+02
   0.176766E+01   0.180565E+02
   0.180337E+01   0.172047E+02
   0.183980E+01   0.163921E+02
   0.187697E+01   0.156168E+02
   0.191489E+01   0.148773E+02
   0.195357E+01   0.141718E+02
   0.199304E+01   0.134990E+02
   0.203330E+01   0.128572E+02
   0.207437E+01   0.122453E+02
   0.211628E+01   0.116617E+02
   0.215903E+01   0.111053E+02
   0.220265E+01   0.105747E+02
   0.224714E+01   0.100689E+02
   0.229254E+01   0.958674E+01
   0.233885E+01   0.912711E+01
   0.238610E+01   0.868901E+01
   0.243430E+01   0.827145E+01
   0.248348E+01   0.787350E+01
   0.253365E+01   0.749427E+01
   0.258483E+01   0.713290E+01
   0.263705E+01   0.678857E+01
   0.269032E+01   0.646050E+01
   0.274466E+01   0.614795E+01
   0.280011E+01   0.585020E+01
   0.285668E+01   0.556656E+01
   0.291439E+01   0.529639E+01
   0.297326E+01   0.503906E+01
   0.303332E+01   0.479398E+01
   0.309460E+01   0.456058E+01
   0.315712E+01   0.433832E+01
   0.322090E+01   0.412668E+01
   0.328596E+01   0.392516E+01
   0.335234E+01   0.373329E+01
   0.342006E+01   0.355062E+01
   0.348916E+01   0.337672E+01
   0.355964E+01   0.321117E+01
   0.363155E+01   0.305360E+01
   0.370491E+01   0.290361E+01
   0.377976E+01   0.276085E+01
   0.385611E+01   0.262499E+01
   0.393401E+01   0.249570E+01
   0.401348E+01   0.237266E+01
   0.409456E+01   0.225558E+01
   0.417727E+01   0.214417E+01
   0.426166E+01   0.203818E+01
   0.434775E+01   0.193734E+01
   0.443558E+01   0.184140E+01
   0.452519E+01   0.175013E+01
   0.461660E+01   0.166331E+01
   0.470987E+01   0.158073E+01
   0.480501E+01   0.150219E+01
   0.490208E+01   0.142748E+01
   0.500111E+01   0.135643E+01
   0.510214E+01   0.128886E+01
   0.520521E+01   0.122460E+01
   0.531036E+01   0.116350E+01
   0.541763E+01   0.110540E+01
   0.552708E+01   0.105016E+01
   0.563873E+01   0.997636E+00
   0.575264E+01   0.947701E+00
   0.586885E+01   0.900229E+00
   0.598741E+01   0.855100E+00
   0.610836E+01   0.812201E+00
   0.623176E+01   0.771423E+00
   0.635765E+01   0.732664E+00
   0.648609E+01   0.695825E+00
   0.661711E+01   0.660812E+00
   0.675079E+01   0.627537E+00
   0.688716E+01   0.595914E+00
   0.702629E+01   0.565863E+00
   0.716823E+01   0.537308E+00
   0.731304E+01   0.510174E+00
   0.746077E+01   0.484392E+00
   0.761149E+01   0.459897E+00
   0.776525E+01   0.436623E+00
   0.792212E+01   0.414513E+00
   0.808217E+01   0.393508E+00
   0.824543E+01   0.373554E+00
   0.841200E+01   0.354599E+00
   0.858193E+01   0.336594E+00
   0.875530E+01   0.319491E+00
   0.893217E+01   0.303248E+00
   0.911261E+01   0.287820E+00
   0.929670E+01   0.273167E+00
   0.948451E+01   0.259252E+00
   0.967610E+01   0.246037E+00
   0.987158E+01   0.233488E+00
   0.100710E+02   0.221571E+00
   0.102744E+02   0.210256E+00
   0.104820E+02   0.199512E+00
   0.106938E+02   0.189310E+00
   0.109098E+02   0.179625E+00
   0.111302E+02   0.170429E+00
   0.113550E+02   0.161699E+00
   0.115844E+02   0.153412E+00
   0.118184E+02   0.145544E+00
   0.120572E+02   0.138076E+00
   0.123007E+02   0.130986E+00
   0.125492E+02   0.124257E+00
   0.128027E+02   0.117870E+00
   0.130614E+02   0.111808E+00
   0.133252E+02   0.106054E+00
   0.135944E+02   0.100593E+00
   0.138691E+02   0.954107E-01
   0.141492E+02   0.904925E-01
   0.144351E+02   0.858253E-01
   0.147267E+02   0.813964E-01
   0.150242E+02   0.771938E-01
   0.153277E+02   0.732061E-01
   0.156373E+02   0.694223E-01
   0.159532E+02   0.658322E-01
   0.162755E+02   0.624259E-01
   0.166043E+02   0.591942E-01
   0.169397E+02   0.561282E-01
   0.172819E+02   0.532195E-01
   0.176310E+02   0.504601E-01
   0.179872E+02   0.478424E-01
   0.183505E+02   0.453593E-01
   0.187212E+02   0.430039E-01
   0.190994E+02   0.407696E-01
   0.194853E+02   0.386504E-01
   0.198789E+02   0.366403E-01
   0.202805E+02   0.347339E-01
   0.206902E+02   0.329257E-01
   0.211081E+02   0.312108E-01
   0.215346E+02   0.295845E-01
   0.219696E+02   0.280421E-01
   0.224134E+02   0.265795E-01
   0.228662E+02   0.251925E-01
   0.233281E+02   0.238772E-01
   0.237994E+02   0.226300E-01
   0.242802E+02   0.214474E-01
   0.247707E+02   0.203261E-01
   0.252710E+02   0.192629E-01
   0.257816E+02   0.182548E-01
   0.263024E+02   0.172991E-01
   0.268337E+02   0.163930E-01
   0.273758E+02   0.155339E-01
   0.279288E+02   0.147195E-01
   0.284930E+02   0.139474E-01
   0.290686E+02   0.132155E-01
   0.296558E+02   0.125217E-01
   0.302549E+02   0.118640E-01
   0.308661E+02   0.112406E-01
   0.314897E+02   0.106497E-01
   0.321258E+02   0.100896E-01
   0.327748E+02   0.955866E-02
   0.334369E+02   0.905547E-02
   0.341123E+02   0.857856E-02
   0.348014E+02   0.812657E-02
   0.355045E+02   0.769820E-02
   0.362217E+02   0.729223E-02
   0.369535E+02   0.690750E-02
   0.377000E+02   0.654290E-02
   0.384616E+02   0.619740E-02
   0.392386E+02   0.586999E-02
   0.400312E+02   0.555975E-02
   0.408399E+02   0.526577E-02
   0.416649E+02   0.498721E-02
   0.425066E+02   0.472327E-02
   0.433653E+02   0.447319E-02
   0.442413E+02   0.423624E-02
   0.451350E+02   0.401175E-02
   0.460469E+02   0.379906E-02
   0.469770E+02   0.359755E-02
   0.479261E+02   0.340664E-02
   0.488942E+02   0.322579E-02
   0.498820E+02   0.305445E-02
   0.508896E+02   0.289215E-02
   0.519177E+02   0.273840E-02
   0.529665E+02   0.259275E-02
   0.540365E+02   0.245479E-02
   0.551281E+02   0.232411E-02
   0.562417E+02   0.220033E-02
   0.573779E+02   0.208308E-02
   0.585370E+02   0.197204E-02
   0.597195E+02   0.186686E-02
   0.609260E+02   0.176724E-02
   0.621568E+02   0.167289E-02
   0.634124E+02   0.158354E-02
   0.646934E+02   0.149892E-02
   0.660003E+02   0.141878E-02
   0.673336E+02   0.134288E-02
   0.686938E+02   0.127101E-02
   0.700816E+02   0.120296E-02
   0.714973E+02   0.113851E-02
   0.729416E+02   0.107748E-02
   0.744151E+02   0.101970E-02
   0.759184E+02   0.964982E-03
   0.774521E+02   0.913174E-03
   0.790167E+02   0.864121E-03
   0.806129E+02   0.817677E-03
   0.822415E+02   0.773704E-03
   0.839028E+02   0.732073E-03
   0.855978E+02   0.692658E-03
   0.873269E+02   0.655344E-03
   0.890911E+02   0.620019E-03
   0.908908E+02   0.586578E-03
   0.927270E+02   0.554920E-03
   0.946001E+02   0.524952E-03
   0.965112E+02   0.496585E-03
   0.984608E+02   0.469732E-03
   0.100450E+03   0.444315E-03
   0.102479E+03   0.420257E-03
   0.104549E+03   0.397486E-03
   0.106661E+03   0.375933E-03
   0.108816E+03   0.355535E-03
   0.111014E+03   0.336229E-03
   0.113257E+03   0.317957E-03
   0.115545E+03   0.300666E-03
   0.117879E+03   0.284301E-03
   0.120260E+03   0.268815E-03
   0.122690E+03   0.254161E-03
   0.125168E+03   0.240294E-03
   0.127697E+03   0.227172E-03
   0.130277E+03   0.214756E-03
   0.132908E+03   0.203008E-03
   0.135593E+03   0.191893E-03
   0.138332E+03   0.181376E-03
   0.141127E+03   0.171426E-03
   0.143978E+03   0.162013E-03
   0.146886E+03   0.153107E-03
   0.149854E+03   0.144682E-03
   0.152881E+03   0.136713E-03
   0.155969E+03   0.129174E-03
   0.159120E+03   0.122043E-03
   0.162334E+03   0.115298E-03
   0.165614E+03   0.108918E-03
   0.168960E+03   0.102884E-03
   0.172373E+03   0.971773E-04
   0.175855E+03   0.917804E-04
   0.179407E+03   0.866765E-04
   0.183032E+03   0.818501E-04
   0.186729E+03   0.772861E-04
   0.190501E+03   0.729707E-04
   0.194350E+03   0.688904E-04
   0.198276E+03   0.650326E-04
   0.202281E+03   0.613854E-04
   0.206368E+03   0.579375E-04
   0.210536E+03   0.546781E-04
   0.214790E+03   0.515971E-04
   0.219129E+03   0.486850E-04
   0.223555E+03   0.459325E-04
   0.228071E+03   0.433312E-04
   0.232679E+03   0.408728E-04
   0.237379E+03   0.385498E-04
   0.242175E+03   0.363547E-04
   0.247067E+03   0.342807E-04
   0.252058E+03   0.323213E-04
   0.257150E+03   0.304702E-04
   0.262345E+03   0.287217E-04
   0.267644E+03   0.270702E-04
   0.273051E+03   0.255103E-04
   0.278567E+03   0.240373E-04
   0.284195E+03   0.226463E-04
   0.289936E+03   0.213330E-04
   0.295793E+03   0.200931E-04
   0.301768E+03   0.189226E-04
   0.307864E+03   0.178178E-04
   0.314084E+03   0.167750E-04
   0.320428E+03   0.157910E-04
   0.326902E+03   0.148625E-04
   0.333505E+03   0.139865E-04
   0.340243E+03   0.131601E-04
   0.347116E+03   0.123807E-04
   0.354128E+03   0.116457E-04
   0.361282E+03   0.109527E-04
   0.368581E+03   0.102992E-04
   0.376026E+03   0.968327E-05
   0.383623E+03   0.910271E-05
   0.391372E+03   0.855559E-05
   0.399279E+03   0.804008E-05
   0.407344E+03   0.755445E-05
   0.415573E+03   0.709706E-05
   0.423968E+03   0.666634E-05
   0.432533E+03   0.626082E-05
   0.441271E+03   0.587910E-05
   0.450185E+03   0.551984E-05
   0.459279E+03   0.518178E-05
   0.468558E+03   0.486374E-05
   0.478023E+03   0.456457E-05
   0.487680E+03   0.428322E-05
   0.497532E+03   0.401867E-05
   0.507582E+03   0.376998E-05
   0.517837E+03   0.353626E-05
   0.528297E+03   0.331665E-05
   0.538970E+03   0.311035E-05
   0.549857E+03   0.291659E-05
   0.560966E+03   0.273464E-05
   0.572298E+03   0.256382E-05
   0.583859E+03   0.240348E-05
   0.595653E+03   0.225301E-05
   0.607687E+03   0.211181E-05
   0.619962E+03   0.197934E-05
   0.632487E+03   0.185509E-05
   0.645264E+03   0.173855E-05
   0.658299E+03   0.162928E-05
   0.671597E+03   0.152683E-05
   0.685165E+03   0.143078E-05
   0.699006E+03   0.134076E-05
   0.713127E+03   0.125639E-05
   0.727533E+03   0.117732E-05
   0.742230E+03   0.110324E-05
   0.757224E+03   0.103383E-05
   0.772521E+03   0.968808E-06
   0.788127E+03   0.907886E-06
   0.804048E+03   0.850809E-06
   0.820291E+03   0.797333E-06
   0.836862E+03   0.747230E-06
   0.853768E+03   0.700286E-06
   0.871015E+03   0.656303E-06
   0.888611E+03   0.615092E-06
   0.906563E+03   0.576479E-06
   0.924875E+03   0.540299E-06
   0.943559E+03   0.506398E-06
   0.962621E+03   0.474632E-06
   0.982068E+03   0.444867E-06
   0.100191E+04   0.416977E-06
   0.102215E+04   0.390844E-06
   0.104279E+04   0.366355E-06
   0.106386E+04   0.343409E-06
   0.108535E+04   0.321906E-06
   0.110728E+04   0.301757E-06
   0.112965E+04   0.282876E-06
   0.115247E+04   0.265183E-06
   0.117575E+04   0.248603E-06
   0.119950E+04   0.233066E-06
   0.122373E+04   0.218506E-06
   0.124845E+04   0.204862E-06
   0.127367E+04   0.192076E-06
   0.129940E+04   0.180094E-06
   0.132565E+04   0.168866E-06
   0.135243E+04   0.158343E-06
   0.137975E+04   0.148483E-06
   0.140762E+04   0.139242E-06
   0.143606E+04   0.130582E-06
   0.146507E+04   0.122466E-06
   0.149467E+04   0.114860E-06
   0.152486E+04   0.107731E-06
   0.155567E+04   0.101049E-06
   0.158709E+04   0.947863E-07
   0.161916E+04   0.889156E-07
   0.165186E+04   0.834124E-07
   0.168523E+04   0.782534E-07
   0.171928E+04   0.734168E-07
   0.175401E+04   0.688824E-07
   0.178944E+04   0.646311E-07
   0.182559E+04   0.606449E-07
   0.186247E+04   0.569072E-07
   0.190010E+04   0.534025E-07
   0.193848E+04   0.501160E-07
   0.197764E+04   0.470340E-07
   0.201759E+04   0.441437E-07
   0.205835E+04   0.414331E-07
   0.209993E+04   0.388909E-07
   0.214235E+04   0.365065E-07
   0.218563E+04   0.342701E-07
   0.222978E+04   0.321724E-07
   0.227483E+04   0.302046E-07
   0.232078E+04   0.283588E-07
   0.236766E+04   0.266271E-07
   0.241550E+04   0.250026E-07
   0.246429E+04   0.234784E-07
   0.251407E+04   0.220483E-07
   0.256486E+04   0.207065E-07
   0.261667E+04   0.194475E-07
   0.266954E+04   0.182660E-07
   0.272346E+04   0.171572E-07
   0.277848E+04   0.161167E-07
   0.283461E+04   0.151401E-07
   0.289187E+04   0.142235E-07
   0.295029E+04   0.133632E-07
   0.300989E+04   0.125556E-07
   0.307070E+04   0.117975E-07
   0.313273E+04   0.110859E-07
   0.319601E+04   0.104177E-07
   0.326057E+04   0.979045E-08
   0.332644E+04   0.920148E-08
   0.339364E+04   0.864846E-08
   0.346220E+04   0.812916E-08
   0.353214E+04   0.764151E-08
   0.360349E+04   0.718354E-08
   0.367629E+04   0.675342E-08
   0.375056E+04   0.634944E-08
   0.382632E+04   0.596998E-08
   0.390362E+04   0.561354E-08
   0.398248E+04   0.527870E-08
   0.406293E+04   0.496413E-08
   0.414500E+04   0.466859E-08
   0.422874E+04   0.439091E-08
   0.431417E+04   0.412999E-08
   0.440132E+04   0.388482E-08
   0.449023E+04   0.365441E-08
   0.458094E+04   0.343789E-08
   0.467348E+04   0.323438E-08
   0.476789E+04   0.304310E-08
   0.486420E+04   0.286331E-08
   0.496247E+04   0.269430E-08
   0.506272E+04   0.253542E-08
   0.516500E+04   0.238605E-08
   0.526933E+04   0.224561E-08
   0.537578E+04   0.211357E-08
   0.548438E+04   0.198940E-08
   0.559517E+04   0.187264E-08
   0.570820E+04   0.176284E-08
   0.582351E+04   0.165957E-08
   0.594116E+04   0.156243E-08
   0.606118E+04   0.147107E-08
   0.618363E+04   0.138512E-08
   0.630853E+04   0.130427E-08
   0.643598E+04   0.122820E-08
   0.656600E+04   0.115662E-08
   0.669864E+04   0.108928E-08
   0.683395E+04   0.102591E-08
   0.697201E+04   0.966271E-09
   0.711286E+04   0.910149E-09
   0.725655E+04   0.857330E-09
   0.740313E+04   0.807620E-09
   0.755269E+04   0.760832E-09
   0.770527E+04   0.716792E-09
   0.786093E+04   0.675338E-09
   0.801972E+04   0.636316E-09
   0.818173E+04   0.599582E-09
   0.834702E+04   0.565000E-09
   0.851564E+04   0.532441E-09
   0.868766E+04   0.501786E-09
   0.886316E+04   0.472918E-09
   0.904221E+04   0.445730E-09
   0.922488E+04   0.420122E-09
   0.941122E+04   0.395997E-09
   0.960135E+04   0.373268E-09
   0.979531E+04   0.351852E-09
   0.999320E+04   0.331670E-09
   0.101951E+05   0.312650E-09
   0.104010E+05   0.294723E-09
