#          k/h    CDM            baryon         photon         nu             mass_nu        total          no_nu          total_de       Weyl           v_CDM          v_b            v_b-v_c     
   0.737790E-04   0.199477E+08   0.199477E+08   0.258871E+08   0.258860E+08   0.000000E+00   0.199477E+08   0.199477E+08   0.199554E+08  -0.470067E+00   0.103672E+08   0.103672E+08   0.422844E-01
   0.102967E-03   0.199464E+08   0.199464E+08   0.252287E+08   0.252267E+08   0.000000E+00   0.199464E+08   0.199464E+08   0.199539E+08  -0.470028E+00   0.103665E+08   0.103665E+08   0.589405E-01
   0.143702E-03   0.199438E+08   0.199438E+08   0.239900E+08   0.239864E+08   0.000000E+00   0.199438E+08   0.199438E+08   0.199510E+08  -0.469952E+00   0.103652E+08   0.103652E+08   0.820645E-01
   0.200552E-03   0.199389E+08   0.199389E+08   0.217358E+08   0.217297E+08   0.000000E+00   0.199389E+08   0.199389E+08   0.199454E+08  -0.469807E+00   0.103626E+08   0.103626E+08   0.114017E+00
   0.279893E-03   0.199296E+08   0.199296E+08   0.178945E+08   0.178854E+08   0.000000E+00   0.199296E+08   0.199296E+08   0.199349E+08  -0.469534E+00   0.103577E+08   0.103577E+08   0.157790E+00
   0.390622E-03   0.199119E+08   0.199119E+08   0.121587E+08   0.121489E+08   0.000000E+00   0.199119E+08   0.199119E+08   0.199155E+08  -0.469035E+00   0.103483E+08   0.103483E+08   0.216894E+00
   0.545157E-03   0.198794E+08   0.198793E+08   0.565023E+07   0.564682E+07   0.000000E+00   0.198794E+08   0.198794E+08   0.198810E+08  -0.468160E+00   0.103311E+08   0.103311E+08   0.295043E+00
   0.760828E-03   0.198217E+08   0.198217E+08   0.164039E+07   0.164486E+07   0.000000E+00   0.198217E+08   0.198217E+08   0.198222E+08  -0.466707E+00   0.103007E+08   0.103007E+08   0.396183E+00
   0.106182E-02   0.197244E+08   0.197243E+08   0.920496E+06   0.916419E+06   0.000000E+00   0.197244E+08   0.197244E+08   0.197247E+08  -0.464371E+00   0.102496E+08   0.102496E+08   0.526039E+00
   0.148189E-02   0.195665E+08   0.195663E+08   0.219018E+06   0.210379E+06   0.000000E+00   0.195665E+08   0.195665E+08   0.195666E+08  -0.460634E+00   0.101672E+08   0.101672E+08   0.693186E+00
   0.206814E-02   0.193188E+08   0.193183E+08  -0.118502E+06  -0.118502E+06   0.000000E+00   0.193188E+08   0.193188E+08   0.193187E+08  -0.454791E+00   0.100384E+08   0.100384E+08   0.907795E+00
   0.288633E-02   0.189427E+08   0.189418E+08  -0.596465E+05  -0.596467E+05   0.000000E+00   0.189426E+08   0.189426E+08   0.189426E+08  -0.445932E+00   0.984277E+07   0.984276E+07   0.118245E+01
   0.402819E-02   0.183914E+08   0.183895E+08  -0.297294E+05  -0.297295E+05   0.000000E+00   0.183911E+08   0.183911E+08   0.183911E+08  -0.432947E+00   0.955614E+07   0.955612E+07   0.153189E+01
   0.416473E-02   0.183246E+08   0.183227E+08  -0.277109E+05  -0.277109E+05   0.000000E+00   0.183243E+08   0.183243E+08   0.183243E+08  -0.431375E+00   0.952143E+07   0.952141E+07   0.157155E+01
   0.430589E-02   0.182555E+08   0.182534E+08  -0.258258E+05  -0.258259E+05   0.000000E+00   0.182552E+08   0.182552E+08   0.182552E+08  -0.429748E+00   0.948552E+07   0.948549E+07   0.161214E+01
   0.445184E-02   0.181840E+08   0.181818E+08  -0.240654E+05  -0.240655E+05   0.000000E+00   0.181837E+08   0.181837E+08   0.181837E+08  -0.428064E+00   0.944836E+07   0.944834E+07   0.165367E+01
   0.460274E-02   0.181101E+08   0.181077E+08  -0.224217E+05  -0.224218E+05   0.000000E+00   0.181097E+08   0.181097E+08   0.181097E+08  -0.426324E+00   0.940993E+07   0.940991E+07   0.169614E+01
   0.475875E-02   0.180337E+08   0.180312E+08  -0.208871E+05  -0.208871E+05   0.000000E+00   0.180333E+08   0.180333E+08   0.180333E+08  -0.424524E+00   0.937021E+07   0.937018E+07   0.173958E+01
   0.492005E-02   0.179547E+08   0.179520E+08  -0.194543E+05  -0.194544E+05   0.000000E+00   0.179543E+08   0.179543E+08   0.179543E+08  -0.422664E+00   0.932916E+07   0.932913E+07   0.178399E+01
   0.508681E-02   0.178732E+08   0.178703E+08  -0.181169E+05  -0.181169E+05   0.000000E+00   0.178727E+08   0.178727E+08   0.178727E+08  -0.420743E+00   0.928676E+07   0.928673E+07   0.182940E+01
   0.525923E-02   0.177889E+08   0.177859E+08  -0.168685E+05  -0.168685E+05   0.000000E+00   0.177884E+08   0.177884E+08   0.177884E+08  -0.418760E+00   0.924298E+07   0.924295E+07   0.187579E+01
   0.543749E-02   0.177020E+08   0.176987E+08  -0.157034E+05  -0.157034E+05   0.000000E+00   0.177015E+08   0.177015E+08   0.177015E+08  -0.416712E+00   0.919778E+07   0.919775E+07   0.192320E+01
   0.562180E-02   0.176123E+08   0.176088E+08  -0.146161E+05  -0.146161E+05   0.000000E+00   0.176117E+08   0.176117E+08   0.176117E+08  -0.414600E+00   0.915115E+07   0.915112E+07   0.197161E+01
   0.581235E-02   0.175197E+08   0.175161E+08  -0.136016E+05  -0.136016E+05   0.000000E+00   0.175192E+08   0.175192E+08   0.175192E+08  -0.412420E+00   0.910305E+07   0.910301E+07   0.202105E+01
   0.600936E-02   0.174243E+08   0.174204E+08  -0.126550E+05  -0.126550E+05   0.000000E+00   0.174237E+08   0.174237E+08   0.174237E+08  -0.410173E+00   0.905345E+07   0.905341E+07   0.207151E+01
   0.621305E-02   0.173260E+08   0.173218E+08  -0.117720E+05  -0.117720E+05   0.000000E+00   0.173253E+08   0.173253E+08   0.173253E+08  -0.407857E+00   0.900233E+07   0.900229E+07   0.212299E+01
   0.642364E-02   0.172247E+08   0.172202E+08  -0.109483E+05  -0.109483E+05   0.000000E+00   0.172240E+08   0.172240E+08   0.172240E+08  -0.405471E+00   0.894966E+07   0.894962E+07   0.217550E+01
   0.664137E-02   0.171203E+08   0.171156E+08  -0.101801E+05  -0.101801E+05   0.000000E+00   0.171196E+08   0.171196E+08   0.171196E+08  -0.403013E+00   0.889540E+07   0.889536E+07   0.222902E+01
   0.686648E-02   0.170128E+08   0.170078E+08  -0.946372E+04  -0.946375E+04   0.000000E+00   0.170120E+08   0.170120E+08   0.170120E+08  -0.400482E+00   0.883954E+07   0.883949E+07   0.228356E+01
   0.709922E-02   0.169022E+08   0.168969E+08  -0.879577E+04  -0.879580E+04   0.000000E+00   0.169014E+08   0.169014E+08   0.169014E+08  -0.397877E+00   0.878204E+07   0.878199E+07   0.233909E+01
   0.733985E-02   0.167884E+08   0.167828E+08  -0.817306E+04  -0.817308E+04   0.000000E+00   0.167875E+08   0.167875E+08   0.167875E+08  -0.395197E+00   0.872288E+07   0.872282E+07   0.239561E+01
   0.758863E-02   0.166714E+08   0.166653E+08  -0.759260E+04  -0.759262E+04   0.000000E+00   0.166704E+08   0.166704E+08   0.166704E+08  -0.392439E+00   0.866202E+07   0.866196E+07   0.245310E+01
   0.784585E-02   0.165510E+08   0.165446E+08  -0.705161E+04  -0.705163E+04   0.000000E+00   0.165500E+08   0.165500E+08   0.165500E+08  -0.389604E+00   0.859944E+07   0.859938E+07   0.251153E+01
   0.811179E-02   0.164272E+08   0.164204E+08  -0.654748E+04  -0.654750E+04   0.000000E+00   0.164262E+08   0.164262E+08   0.164262E+08  -0.386690E+00   0.853512E+07   0.853506E+07   0.257086E+01
   0.838674E-02   0.163001E+08   0.162929E+08  -0.607777E+04  -0.607779E+04   0.000000E+00   0.162990E+08   0.162990E+08   0.162990E+08  -0.383695E+00   0.846902E+07   0.846895E+07   0.263107E+01
   0.867101E-02   0.161695E+08   0.161618E+08  -0.564020E+04  -0.564022E+04   0.000000E+00   0.161683E+08   0.161683E+08   0.161683E+08  -0.380619E+00   0.840111E+07   0.840104E+07   0.269211E+01
   0.896491E-02   0.160354E+08   0.160272E+08  -0.523265E+04  -0.523266E+04   0.000000E+00   0.160341E+08   0.160341E+08   0.160341E+08  -0.377459E+00   0.833138E+07   0.833130E+07   0.275392E+01
   0.926878E-02   0.158977E+08   0.158890E+08  -0.485311E+04  -0.485313E+04   0.000000E+00   0.158963E+08   0.158963E+08   0.158963E+08  -0.374216E+00   0.825978E+07   0.825971E+07   0.281646E+01
   0.958295E-02   0.157563E+08   0.157471E+08  -0.449973E+04  -0.449974E+04   0.000000E+00   0.157549E+08   0.157549E+08   0.157549E+08  -0.370887E+00   0.818631E+07   0.818622E+07   0.287964E+01
   0.990776E-02   0.156113E+08   0.156016E+08  -0.417076E+04  -0.417077E+04   0.000000E+00   0.156098E+08   0.156098E+08   0.156098E+08  -0.367471E+00   0.811092E+07   0.811083E+07   0.294340E+01
   0.102436E-01   0.154626E+08   0.154523E+08  -0.386458E+04  -0.386459E+04   0.000000E+00   0.154610E+08   0.154610E+08   0.154610E+08  -0.363968E+00   0.803359E+07   0.803350E+07   0.300764E+01
   0.105908E-01   0.153101E+08   0.152991E+08  -0.357966E+04  -0.357967E+04   0.000000E+00   0.153084E+08   0.153084E+08   0.153084E+08  -0.360376E+00   0.795431E+07   0.795421E+07   0.307226E+01
   0.109498E-01   0.151538E+08   0.151422E+08  -0.331458E+04  -0.331459E+04   0.000000E+00   0.151520E+08   0.151520E+08   0.151520E+08  -0.356693E+00   0.787303E+07   0.787293E+07   0.313716E+01
   0.113209E-01   0.149936E+08   0.149813E+08  -0.306801E+04  -0.306802E+04   0.000000E+00   0.149917E+08   0.149917E+08   0.149917E+08  -0.352920E+00   0.778974E+07   0.778963E+07   0.320219E+01
   0.117046E-01   0.148295E+08   0.148165E+08  -0.283871E+04  -0.283871E+04   0.000000E+00   0.148275E+08   0.148275E+08   0.148275E+08  -0.349054E+00   0.770441E+07   0.770430E+07   0.326722E+01
   0.121014E-01   0.146614E+08   0.146477E+08  -0.262551E+04  -0.262552E+04   0.000000E+00   0.146593E+08   0.146593E+08   0.146593E+08  -0.345095E+00   0.761703E+07   0.761691E+07   0.333209E+01
   0.125115E-01   0.144894E+08   0.144748E+08  -0.242734E+04  -0.242734E+04   0.000000E+00   0.144871E+08   0.144871E+08   0.144871E+08  -0.341042E+00   0.752756E+07   0.752744E+07   0.339663E+01
   0.129356E-01   0.143133E+08   0.142979E+08  -0.224317E+04  -0.224318E+04   0.000000E+00   0.143109E+08   0.143109E+08   0.143109E+08  -0.336893E+00   0.743600E+07   0.743587E+07   0.346064E+01
   0.133741E-01   0.141331E+08   0.141169E+08  -0.207207E+04  -0.207207E+04   0.000000E+00   0.141306E+08   0.141306E+08   0.141306E+08  -0.332649E+00   0.734232E+07   0.734218E+07   0.352391E+01
   0.138274E-01   0.139489E+08   0.139317E+08  -0.191314E+04  -0.191315E+04   0.000000E+00   0.139462E+08   0.139462E+08   0.139462E+08  -0.328308E+00   0.724651E+07   0.724637E+07   0.358621E+01
   0.142961E-01   0.137605E+08   0.137424E+08  -0.176557E+04  -0.176557E+04   0.000000E+00   0.137577E+08   0.137577E+08   0.137577E+08  -0.323871E+00   0.714856E+07   0.714841E+07   0.364727E+01
   0.147806E-01   0.135680E+08   0.135489E+08  -0.162857E+04  -0.162858E+04   0.000000E+00   0.135650E+08   0.135650E+08   0.135650E+08  -0.319335E+00   0.704846E+07   0.704830E+07   0.370683E+01
   0.152816E-01   0.133714E+08   0.133512E+08  -0.150144E+04  -0.150144E+04   0.000000E+00   0.133682E+08   0.133682E+08   0.133682E+08  -0.314702E+00   0.694620E+07   0.694603E+07   0.376457E+01
   0.157996E-01   0.131706E+08   0.131494E+08  -0.138350E+04  -0.138350E+04   0.000000E+00   0.131673E+08   0.131673E+08   0.131673E+08  -0.309972E+00   0.684179E+07   0.684161E+07   0.382018E+01
   0.163351E-01   0.129657E+08   0.129434E+08  -0.127411E+04  -0.127412E+04   0.000000E+00   0.129622E+08   0.129622E+08   0.129622E+08  -0.305144E+00   0.673523E+07   0.673504E+07   0.387329E+01
   0.168888E-01   0.127567E+08   0.127332E+08  -0.117271E+04  -0.117271E+04   0.000000E+00   0.127530E+08   0.127530E+08   0.127530E+08  -0.300219E+00   0.662653E+07   0.662633E+07   0.392354E+01
   0.174613E-01   0.125436E+08   0.125190E+08  -0.107873E+04  -0.107874E+04   0.000000E+00   0.125397E+08   0.125397E+08   0.125397E+08  -0.295199E+00   0.651572E+07   0.651551E+07   0.397051E+01
   0.180531E-01   0.123265E+08   0.123007E+08  -0.991678E+03  -0.991680E+03   0.000000E+00   0.123224E+08   0.123224E+08   0.123224E+08  -0.290083E+00   0.640281E+07   0.640260E+07   0.401377E+01
   0.186650E-01   0.121055E+08   0.120784E+08  -0.911068E+03  -0.911070E+03   0.000000E+00   0.121012E+08   0.121012E+08   0.121012E+08  -0.284875E+00   0.628786E+07   0.628763E+07   0.405286E+01
   0.192977E-01   0.118806E+08   0.118522E+08  -0.836458E+03  -0.836461E+03   0.000000E+00   0.118761E+08   0.118761E+08   0.118761E+08  -0.279576E+00   0.617090E+07   0.617066E+07   0.408730E+01
   0.199518E-01   0.116519E+08   0.116223E+08  -0.767437E+03  -0.767439E+03   0.000000E+00   0.116473E+08   0.116473E+08   0.116473E+08  -0.274189E+00   0.605200E+07   0.605175E+07   0.411659E+01
   0.206280E-01   0.114197E+08   0.113888E+08  -0.703617E+03  -0.703619E+03   0.000000E+00   0.114148E+08   0.114148E+08   0.114148E+08  -0.268717E+00   0.593122E+07   0.593096E+07   0.414019E+01
   0.213272E-01   0.111840E+08   0.111518E+08  -0.644639E+03  -0.644641E+03   0.000000E+00   0.111790E+08   0.111790E+08   0.111790E+08  -0.263164E+00   0.580866E+07   0.580840E+07   0.415755E+01
   0.220501E-01   0.109451E+08   0.109116E+08  -0.590168E+03  -0.590169E+03   0.000000E+00   0.109399E+08   0.109399E+08   0.109399E+08  -0.257536E+00   0.568442E+07   0.568415E+07   0.416810E+01
   0.227975E-01   0.107032E+08   0.106684E+08  -0.539890E+03  -0.539891E+03   0.000000E+00   0.106977E+08   0.106977E+08   0.106977E+08  -0.251836E+00   0.555863E+07   0.555834E+07   0.417127E+01
   0.235702E-01   0.104586E+08   0.104225E+08  -0.493513E+03  -0.493515E+03   0.000000E+00   0.104529E+08   0.104529E+08   0.104529E+08  -0.246073E+00   0.543141E+07   0.543112E+07   0.416648E+01
   0.243692E-01   0.102115E+08   0.101742E+08  -0.450766E+03  -0.450768E+03   0.000000E+00   0.102057E+08   0.102057E+08   0.102057E+08  -0.240252E+00   0.530294E+07   0.530264E+07   0.415314E+01
   0.251952E-01   0.996241E+07   0.992384E+07  -0.411395E+03  -0.411396E+03   0.000000E+00   0.995635E+07   0.995635E+07   0.995635E+07  -0.234383E+00   0.517340E+07   0.517309E+07   0.413068E+01
   0.260491E-01   0.971161E+07   0.967186E+07  -0.375163E+03  -0.375164E+03   0.000000E+00   0.970537E+07   0.970537E+07   0.970537E+07  -0.228475E+00   0.504299E+07   0.504267E+07   0.409853E+01
   0.269321E-01   0.945958E+07   0.941872E+07  -0.341849E+03  -0.341850E+03   0.000000E+00   0.945316E+07   0.945316E+07   0.945316E+07  -0.222538E+00   0.491194E+07   0.491162E+07   0.405617E+01
   0.278450E-01   0.920682E+07   0.916491E+07  -0.311246E+03  -0.311247E+03   0.000000E+00   0.920023E+07   0.920023E+07   0.920023E+07  -0.216583E+00   0.478052E+07   0.478019E+07   0.400311E+01
   0.287888E-01   0.895385E+07   0.891099E+07  -0.283164E+03  -0.283164E+03   0.000000E+00   0.894712E+07   0.894712E+07   0.894712E+07  -0.210625E+00   0.464900E+07   0.464866E+07   0.393890E+01
   0.297646E-01   0.870128E+07   0.865758E+07  -0.257421E+03  -0.257422E+03   0.000000E+00   0.869441E+07   0.869441E+07   0.869441E+07  -0.204676E+00   0.451770E+07   0.451735E+07   0.386319E+01
   0.307734E-01   0.844975E+07   0.840532E+07  -0.233850E+03  -0.233850E+03   0.000000E+00   0.844277E+07   0.844277E+07   0.844277E+07  -0.198752E+00   0.438694E+07   0.438659E+07   0.377570E+01
   0.318165E-01   0.819994E+07   0.815493E+07  -0.212294E+03  -0.212294E+03   0.000000E+00   0.819287E+07   0.819287E+07   0.819287E+07  -0.192869E+00   0.425709E+07   0.425674E+07   0.367624E+01
   0.328949E-01   0.795258E+07   0.790715E+07  -0.192605E+03  -0.192606E+03   0.000000E+00   0.794544E+07   0.794544E+07   0.794544E+07  -0.187044E+00   0.412853E+07   0.412818E+07   0.356476E+01
   0.340099E-01   0.770843E+07   0.766275E+07  -0.174646E+03  -0.174647E+03   0.000000E+00   0.770126E+07   0.770126E+07   0.770126E+07  -0.181296E+00   0.400165E+07   0.400130E+07   0.344136E+01
   0.351627E-01   0.746828E+07   0.742254E+07  -0.158288E+03  -0.158289E+03   0.000000E+00   0.746110E+07   0.746110E+07   0.746110E+07  -0.175642E+00   0.387686E+07   0.387651E+07   0.330628E+01
   0.363545E-01   0.723292E+07   0.718733E+07  -0.143409E+03  -0.143410E+03   0.000000E+00   0.722576E+07   0.722576E+07   0.722576E+07  -0.170102E+00   0.375458E+07   0.375423E+07   0.315997E+01
   0.375868E-01   0.700203E+07   0.695681E+07  -0.129875E+03  -0.129875E+03   0.000000E+00   0.699492E+07   0.699492E+07   0.699492E+07  -0.164668E+00   0.363464E+07   0.363430E+07   0.300318E+01
   0.388608E-01   0.677676E+07   0.673214E+07  -0.117588E+03  -0.117588E+03   0.000000E+00   0.676975E+07   0.676975E+07   0.676975E+07  -0.159367E+00   0.351763E+07   0.351730E+07   0.283674E+01
   0.401779E-01   0.655855E+07   0.651476E+07  -0.106461E+03  -0.106461E+03   0.000000E+00   0.655167E+07   0.655167E+07   0.655167E+07  -0.154233E+00   0.340432E+07   0.340400E+07   0.266165E+01
   0.415398E-01   0.634824E+07   0.630553E+07  -0.964002E+02  -0.964005E+02   0.000000E+00   0.634153E+07   0.634153E+07   0.634153E+07  -0.149286E+00   0.329513E+07   0.329482E+07   0.247925E+01
   0.429478E-01   0.614650E+07   0.610512E+07  -0.873170E+02  -0.873172E+02   0.000000E+00   0.614000E+07   0.614000E+07   0.614000E+07  -0.144542E+00   0.319041E+07   0.319011E+07   0.229111E+01
   0.444035E-01   0.595380E+07   0.591396E+07  -0.791249E+02  -0.791251E+02   0.000000E+00   0.594754E+07   0.594754E+07   0.594754E+07  -0.140011E+00   0.309040E+07   0.309012E+07   0.209907E+01
   0.459086E-01   0.577031E+07   0.573225E+07  -0.717415E+02  -0.717417E+02   0.000000E+00   0.576433E+07   0.576433E+07   0.576433E+07  -0.135699E+00   0.299521E+07   0.299494E+07   0.190519E+01
   0.474646E-01   0.559598E+07   0.555990E+07  -0.650882E+02  -0.650884E+02   0.000000E+00   0.559032E+07   0.559032E+07   0.559032E+07  -0.131602E+00   0.290478E+07   0.290454E+07   0.171177E+01
   0.490735E-01   0.543048E+07   0.539654E+07  -0.590911E+02  -0.590912E+02   0.000000E+00   0.542515E+07   0.542515E+07   0.542515E+07  -0.127714E+00   0.281896E+07   0.281873E+07   0.152127E+01
   0.507368E-01   0.527325E+07   0.524159E+07  -0.536812E+02  -0.536814E+02   0.000000E+00   0.526827E+07   0.526827E+07   0.526827E+07  -0.124021E+00   0.273744E+07   0.273724E+07   0.133627E+01
   0.524565E-01   0.512357E+07   0.509429E+07  -0.487956E+02  -0.487957E+02   0.000000E+00   0.511897E+07   0.511897E+07   0.511897E+07  -0.120506E+00   0.265986E+07   0.265968E+07   0.115939E+01
   0.542346E-01   0.498066E+07   0.495380E+07  -0.443772E+02  -0.443773E+02   0.000000E+00   0.497644E+07   0.497644E+07   0.497644E+07  -0.117151E+00   0.258580E+07   0.258563E+07   0.993278E+00
   0.560728E-01   0.484389E+07   0.481945E+07  -0.403770E+02  -0.403771E+02   0.000000E+00   0.484005E+07   0.484005E+07   0.484005E+07  -0.113940E+00   0.251493E+07   0.251479E+07   0.840402E+00
   0.579734E-01   0.471279E+07   0.469069E+07  -0.367524E+02  -0.367525E+02   0.000000E+00   0.470931E+07   0.470931E+07   0.470931E+07  -0.110862E+00   0.244699E+07   0.244687E+07   0.703032E+00
   0.607060E-01   0.454217E+07   0.452308E+07  -0.323069E+02  -0.323069E+02   0.000000E+00   0.453917E+07   0.453917E+07   0.453917E+07  -0.106857E+00   0.235858E+07   0.235849E+07   0.541895E+00
   0.634385E-01   0.437913E+07   0.436253E+07  -0.285233E+02  -0.285234E+02   0.000000E+00   0.437652E+07   0.437652E+07   0.437652E+07  -0.103028E+00   0.227407E+07   0.227399E+07   0.422606E+00
   0.661711E-01   0.422268E+07   0.420797E+07  -0.252806E+02  -0.252807E+02   0.000000E+00   0.422037E+07   0.422037E+07   0.422037E+07  -0.993519E-01   0.219292E+07   0.219286E+07   0.341338E+00
   0.689037E-01   0.406955E+07   0.405616E+07  -0.224704E+02  -0.224704E+02   0.000000E+00   0.406745E+07   0.406745E+07   0.406745E+07  -0.957521E-01   0.211347E+07   0.211341E+07   0.293184E+00
   0.716362E-01   0.391767E+07   0.390502E+07  -0.200131E+02  -0.200132E+02   0.000000E+00   0.391568E+07   0.391568E+07   0.391568E+07  -0.921793E-01   0.203461E+07   0.203455E+07   0.272332E+00
   0.743688E-01   0.376611E+07   0.375369E+07  -0.178509E+02  -0.178510E+02   0.000000E+00   0.376416E+07   0.376416E+07   0.376416E+07  -0.886123E-01   0.195588E+07   0.195582E+07   0.272498E+00
   0.771013E-01   0.361502E+07   0.360241E+07  -0.159414E+02  -0.159414E+02   0.000000E+00   0.361304E+07   0.361304E+07   0.361304E+07  -0.850548E-01   0.187736E+07   0.187729E+07   0.287331E+00
   0.798339E-01   0.346532E+07   0.345221E+07  -0.142525E+02  -0.142526E+02   0.000000E+00   0.346326E+07   0.346326E+07   0.346326E+07  -0.815289E-01   0.179953E+07   0.179946E+07   0.310805E+00
   0.825664E-01   0.331839E+07   0.330459E+07  -0.127591E+02  -0.127592E+02   0.000000E+00   0.331622E+07   0.331622E+07   0.331622E+07  -0.780673E-01   0.172313E+07   0.172305E+07   0.337518E+00
   0.852990E-01   0.317576E+07   0.316120E+07  -0.114403E+02  -0.114403E+02   0.000000E+00   0.317348E+07   0.317348E+07   0.317348E+07  -0.747070E-01   0.164896E+07   0.164887E+07   0.362924E+00
   0.880315E-01   0.303899E+07   0.302368E+07  -0.102779E+02  -0.102779E+02   0.000000E+00   0.303659E+07   0.303659E+07   0.303659E+07  -0.714844E-01   0.157783E+07   0.157773E+07   0.383482E+00
   0.907641E-01   0.290950E+07   0.289358E+07  -0.925584E+01  -0.925586E+01   0.000000E+00   0.290700E+07   0.290700E+07   0.290700E+07  -0.684339E-01   0.151050E+07   0.151040E+07   0.396708E+00
   0.934966E-01   0.278858E+07   0.277225E+07  -0.835976E+01  -0.835978E+01   0.000000E+00   0.278602E+07   0.278602E+07   0.278602E+07  -0.655858E-01   0.144764E+07   0.144753E+07   0.401166E+00
   0.962292E-01   0.267726E+07   0.266075E+07  -0.757636E+01  -0.757638E+01   0.000000E+00   0.267467E+07   0.267467E+07   0.267467E+07  -0.629645E-01   0.138978E+07   0.138967E+07   0.396384E+00
   0.989617E-01   0.257621E+07   0.255980E+07  -0.689315E+01  -0.689317E+01   0.000000E+00   0.257363E+07   0.257363E+07   0.257363E+07  -0.605859E-01   0.133728E+07   0.133717E+07   0.382732E+00
   0.101694E+00   0.248562E+07   0.246958E+07  -0.629808E+01  -0.629810E+01   0.000000E+00   0.248310E+07   0.248310E+07   0.248310E+07  -0.584549E-01   0.129024E+07   0.129013E+07   0.361259E+00
   0.104427E+00   0.240519E+07   0.238977E+07  -0.577953E+01  -0.577955E+01   0.000000E+00   0.240276E+07   0.240276E+07   0.240276E+07  -0.565636E-01   0.124850E+07   0.124840E+07   0.333520E+00
   0.107159E+00   0.233411E+07   0.231951E+07  -0.532644E+01  -0.532646E+01   0.000000E+00   0.233182E+07   0.233182E+07   0.233182E+07  -0.548934E-01   0.121163E+07   0.121154E+07   0.301389E+00
   0.109892E+00   0.227124E+07   0.225763E+07  -0.492859E+01  -0.492860E+01   0.000000E+00   0.226910E+07   0.226910E+07   0.226910E+07  -0.534170E-01   0.117905E+07   0.117896E+07   0.266872E+00
   0.112625E+00   0.221523E+07   0.220270E+07  -0.457682E+01  -0.457683E+01   0.000000E+00   0.221326E+07   0.221326E+07   0.221326E+07  -0.521026E-01   0.115003E+07   0.114995E+07   0.231944E+00
   0.115357E+00   0.216466E+07   0.215324E+07  -0.426317E+01  -0.426319E+01   0.000000E+00   0.216286E+07   0.216286E+07   0.216286E+07  -0.509161E-01   0.112384E+07   0.112377E+07   0.198407E+00
   0.118090E+00   0.211808E+07   0.210775E+07  -0.398084E+01  -0.398085E+01   0.000000E+00   0.211646E+07   0.211646E+07   0.211646E+07  -0.498237E-01   0.109973E+07   0.109967E+07   0.167784E+00
   0.120822E+00   0.207410E+07   0.206476E+07  -0.372403E+01  -0.372404E+01   0.000000E+00   0.207264E+07   0.207264E+07   0.207264E+07  -0.487920E-01   0.107696E+07   0.107690E+07   0.141241E+00
   0.123555E+00   0.203137E+07   0.202290E+07  -0.348792E+01  -0.348793E+01   0.000000E+00   0.203004E+07   0.203004E+07   0.203004E+07  -0.477893E-01   0.105482E+07   0.105478E+07   0.119551E+00
   0.126287E+00   0.198869E+07   0.198093E+07  -0.326859E+01  -0.326860E+01   0.000000E+00   0.198747E+07   0.198747E+07   0.198747E+07  -0.467872E-01   0.103270E+07   0.103266E+07   0.103084E+00
   0.129020E+00   0.194511E+07   0.193787E+07  -0.306304E+01  -0.306305E+01   0.000000E+00   0.194397E+07   0.194397E+07   0.194397E+07  -0.457631E-01   0.101010E+07   0.101006E+07   0.918330E-01
   0.131752E+00   0.190001E+07   0.189312E+07  -0.286925E+01  -0.286926E+01   0.000000E+00   0.189893E+07   0.189893E+07   0.189893E+07  -0.447028E-01   0.986695E+06   0.986661E+06   0.854530E-01
   0.134485E+00   0.185322E+07   0.184649E+07  -0.268601E+01  -0.268602E+01   0.000000E+00   0.185216E+07   0.185216E+07   0.185216E+07  -0.436018E-01   0.962392E+06   0.962359E+06   0.833272E-01
   0.137218E+00   0.180491E+07   0.179819E+07  -0.251281E+01  -0.251282E+01   0.000000E+00   0.180385E+07   0.180385E+07   0.180385E+07  -0.424646E-01   0.937292E+06   0.937258E+06   0.846415E-01
   0.139950E+00   0.175557E+07   0.174873E+07  -0.234956E+01  -0.234957E+01   0.000000E+00   0.175450E+07   0.175450E+07   0.175450E+07  -0.413028E-01   0.911648E+06   0.911611E+06   0.884653E-01
   0.142683E+00   0.170585E+07   0.169880E+07  -0.219634E+01  -0.219634E+01   0.000000E+00   0.170474E+07   0.170474E+07   0.170474E+07  -0.401314E-01   0.885794E+06   0.885754E+06   0.938306E-01
   0.145415E+00   0.165640E+07   0.164909E+07  -0.205320E+01  -0.205320E+01   0.000000E+00   0.165525E+07   0.165525E+07   0.165525E+07  -0.389664E-01   0.860081E+06   0.860038E+06   0.998035E-01
   0.148148E+00   0.160787E+07   0.160027E+07  -0.192011E+01  -0.192012E+01   0.000000E+00   0.160667E+07   0.160667E+07   0.160667E+07  -0.378228E-01   0.834840E+06   0.834793E+06   0.105544E+00
   0.150880E+00   0.156082E+07   0.155295E+07  -0.179695E+01  -0.179695E+01   0.000000E+00   0.155958E+07   0.155958E+07   0.155958E+07  -0.367142E-01   0.810370E+06   0.810320E+06   0.110351E+00
   0.153613E+00   0.151577E+07   0.150769E+07  -0.168349E+01  -0.168349E+01   0.000000E+00   0.151450E+07   0.151450E+07   0.151450E+07  -0.356530E-01   0.786948E+06   0.786896E+06   0.113690E+00
   0.156345E+00   0.147322E+07   0.146500E+07  -0.157948E+01  -0.157949E+01   0.000000E+00   0.147193E+07   0.147193E+07   0.147193E+07  -0.346508E-01   0.764827E+06   0.764773E+06   0.115213E+00
   0.159078E+00   0.143359E+07   0.142532E+07  -0.148461E+01  -0.148461E+01   0.000000E+00   0.143229E+07   0.143229E+07   0.143229E+07  -0.337177E-01   0.744231E+06   0.744177E+06   0.114754E+00
   0.161810E+00   0.139720E+07   0.138896E+07  -0.139843E+01  -0.139844E+01   0.000000E+00   0.139590E+07   0.139590E+07   0.139590E+07  -0.328610E-01   0.725323E+06   0.725269E+06   0.112320E+00
   0.164543E+00   0.136417E+07   0.135608E+07  -0.132040E+01  -0.132041E+01   0.000000E+00   0.136290E+07   0.136290E+07   0.136290E+07  -0.320841E-01   0.708176E+06   0.708122E+06   0.108073E+00
   0.167276E+00   0.133446E+07   0.132659E+07  -0.124979E+01  -0.124979E+01   0.000000E+00   0.133322E+07   0.133322E+07   0.133322E+07  -0.313854E-01   0.692753E+06   0.692702E+06   0.102296E+00
   0.170008E+00   0.130777E+07   0.130021E+07  -0.118576E+01  -0.118576E+01   0.000000E+00   0.130658E+07   0.130658E+07   0.130658E+07  -0.307584E-01   0.678912E+06   0.678863E+06   0.953583E-01
   0.172741E+00   0.128369E+07   0.127649E+07  -0.112741E+01  -0.112742E+01   0.000000E+00   0.128256E+07   0.128256E+07   0.128256E+07  -0.301927E-01   0.666427E+06   0.666381E+06   0.876821E-01
   0.175473E+00   0.126168E+07   0.125489E+07  -0.107388E+01  -0.107388E+01   0.000000E+00   0.126062E+07   0.126062E+07   0.126062E+07  -0.296762E-01   0.655026E+06   0.654984E+06   0.797014E-01
   0.178206E+00   0.124122E+07   0.123484E+07  -0.102435E+01  -0.102435E+01   0.000000E+00   0.124022E+07   0.124022E+07   0.124022E+07  -0.291962E-01   0.644429E+06   0.644391E+06   0.718312E-01
   0.180938E+00   0.122181E+07   0.121583E+07  -0.978128E+00  -0.978131E+00   0.000000E+00   0.122087E+07   0.122087E+07   0.122087E+07  -0.287405E-01   0.634372E+06   0.634337E+06   0.644396E-01
   0.183671E+00   0.120298E+07   0.119738E+07  -0.934641E+00  -0.934644E+00   0.000000E+00   0.120210E+07   0.120210E+07   0.120210E+07  -0.282986E-01   0.624618E+06   0.624586E+06   0.578273E-01
   0.186403E+00   0.118435E+07   0.117909E+07  -0.893413E+00  -0.893415E+00   0.000000E+00   0.118352E+07   0.118352E+07   0.118352E+07  -0.278613E-01   0.614966E+06   0.614936E+06   0.522142E-01
   0.189136E+00   0.116559E+07   0.116062E+07  -0.854061E+00  -0.854063E+00   0.000000E+00   0.116481E+07   0.116481E+07   0.116481E+07  -0.274209E-01   0.605243E+06   0.605216E+06   0.477336E-01
   0.191869E+00   0.114645E+07   0.114170E+07  -0.816292E+00  -0.816295E+00   0.000000E+00   0.114570E+07   0.114570E+07   0.114570E+07  -0.269711E-01   0.595315E+06   0.595289E+06   0.444315E-01
   0.194601E+00   0.112675E+07   0.112215E+07  -0.779898E+00  -0.779900E+00   0.000000E+00   0.112602E+07   0.112602E+07   0.112602E+07  -0.265078E-01   0.585090E+06   0.585065E+06   0.422738E-01
   0.197334E+00   0.110640E+07   0.110189E+07  -0.744755E+00  -0.744757E+00   0.000000E+00   0.110569E+07   0.110569E+07   0.110569E+07  -0.260292E-01   0.574526E+06   0.574501E+06   0.411559E-01
   0.200066E+00   0.108544E+07   0.108096E+07  -0.710817E+00  -0.710819E+00   0.000000E+00   0.108473E+07   0.108473E+07   0.108473E+07  -0.255358E-01   0.563635E+06   0.563611E+06   0.409185E-01
   0.202799E+00   0.106397E+07   0.105949E+07  -0.678101E+00  -0.678103E+00   0.000000E+00   0.106327E+07   0.106327E+07   0.106327E+07  -0.250304E-01   0.552481E+06   0.552456E+06   0.413637E-01
   0.205531E+00   0.104220E+07   0.103766E+07  -0.646669E+00  -0.646671E+00   0.000000E+00   0.104149E+07   0.104149E+07   0.104149E+07  -0.245177E-01   0.541164E+06   0.541138E+06   0.422733E-01
   0.208264E+00   0.102036E+07   0.101575E+07  -0.616601E+00  -0.616602E+00   0.000000E+00   0.101964E+07   0.101964E+07   0.101964E+07  -0.240033E-01   0.529811E+06   0.529784E+06   0.434261E-01
   0.210996E+00   0.998715E+06   0.994023E+06  -0.587975E+00  -0.587976E+00   0.000000E+00   0.997978E+06   0.997978E+06   0.997978E+06  -0.234935E-01   0.518557E+06   0.518528E+06   0.446132E-01
   0.213729E+00   0.977514E+06   0.972742E+06  -0.560858E+00  -0.560859E+00   0.000000E+00   0.976764E+06   0.976764E+06   0.976764E+06  -0.229941E-01   0.507534E+06   0.507505E+06   0.456509E-01
   0.216462E+00   0.956990E+06   0.952153E+06  -0.535295E+00  -0.535296E+00   0.000000E+00   0.956230E+06   0.956230E+06   0.956230E+06  -0.225107E-01   0.496865E+06   0.496835E+06   0.463902E-01
   0.225119E+00   0.898462E+06   0.893594E+06  -0.464624E+00  -0.464625E+00   0.000000E+00   0.897697E+06   0.897697E+06   0.897697E+06  -0.211327E-01   0.466451E+06   0.466420E+06   0.457966E-01
   0.234122E+00   0.849984E+06   0.845428E+06  -0.406399E+00  -0.406400E+00   0.000000E+00   0.849268E+06   0.849268E+06   0.849268E+06  -0.199927E-01   0.441287E+06   0.441258E+06   0.404739E-01
   0.243486E+00   0.810110E+06   0.806096E+06  -0.358135E+00  -0.358136E+00   0.000000E+00   0.809480E+06   0.809480E+06   0.809480E+06  -0.190560E-01   0.420612E+06   0.420588E+06   0.327483E-01
   0.253224E+00   0.772891E+06   0.769382E+06  -0.315924E+00  -0.315925E+00   0.000000E+00   0.772339E+06   0.772339E+06   0.772339E+06  -0.181817E-01   0.401313E+06   0.401293E+06   0.263599E-01
   0.263352E+00   0.733119E+06   0.729863E+06  -0.277066E+00  -0.277067E+00   0.000000E+00   0.732607E+06   0.732607E+06   0.732607E+06  -0.172464E-01   0.380668E+06   0.380649E+06   0.235323E-01
   0.273885E+00   0.689934E+06   0.686691E+06  -0.241068E+00  -0.241068E+00   0.000000E+00   0.689425E+06   0.689425E+06   0.689425E+06  -0.162298E-01   0.358230E+06   0.358211E+06   0.234672E-01
   0.284839E+00   0.647302E+06   0.644037E+06  -0.209101E+00  -0.209102E+00   0.000000E+00   0.646789E+06   0.646789E+06   0.646789E+06  -0.152261E-01   0.336076E+06   0.336056E+06   0.234590E-01
   0.296231E+00   0.609903E+06   0.606776E+06  -0.182156E+00  -0.182156E+00   0.000000E+00   0.609412E+06   0.609412E+06   0.609412E+06  -0.143462E-01   0.316655E+06   0.316636E+06   0.215786E-01
   0.308078E+00   0.578149E+06   0.575314E+06  -0.159651E+00  -0.159651E+00   0.000000E+00   0.577703E+06   0.577703E+06   0.577703E+06  -0.135998E-01   0.300179E+06   0.300162E+06   0.183019E-01
   0.320400E+00   0.548667E+06   0.546107E+06  -0.140085E+00  -0.140086E+00   0.000000E+00   0.548265E+06   0.548265E+06   0.548265E+06  -0.129067E-01   0.284882E+06   0.284868E+06   0.155350E-01
   0.333214E+00   0.517994E+06   0.515566E+06  -0.122277E+00  -0.122277E+00   0.000000E+00   0.517613E+06   0.517613E+06   0.517613E+06  -0.121852E-01   0.268955E+06   0.268941E+06   0.142967E-01
   0.346541E+00   0.486853E+06   0.484475E+06  -0.106254E+00  -0.106254E+00   0.000000E+00   0.486480E+06   0.486480E+06   0.486480E+06  -0.114522E-01   0.252778E+06   0.252764E+06   0.137796E-01
   0.360401E+00   0.458225E+06   0.455948E+06  -0.924610E-01  -0.924612E-01   0.000000E+00   0.457867E+06   0.457867E+06   0.457867E+06  -0.107787E-01   0.237911E+06   0.237898E+06   0.127354E-01
   0.374815E+00   0.433010E+06   0.430909E+06  -0.807833E-01  -0.807835E-01   0.000000E+00   0.432680E+06   0.432680E+06   0.432680E+06  -0.101857E-01   0.224824E+06   0.224811E+06   0.111226E-01
   0.389806E+00   0.409210E+06   0.407267E+06  -0.705853E-01  -0.705854E-01   0.000000E+00   0.408905E+06   0.408905E+06   0.408905E+06  -0.962606E-02   0.212470E+06   0.212459E+06   0.980437E-02
   0.405396E+00   0.385342E+06   0.383489E+06  -0.614538E-01  -0.614539E-01   0.000000E+00   0.385051E+06   0.385051E+06   0.385051E+06  -0.906451E-02   0.200075E+06   0.200064E+06   0.907666E-02
   0.421610E+00   0.362437E+06   0.360664E+06  -0.534400E-01  -0.534402E-01   0.000000E+00   0.362158E+06   0.362158E+06   0.362158E+06  -0.852559E-02   0.188180E+06   0.188170E+06   0.840765E-02
   0.438472E+00   0.341640E+06   0.339983E+06  -0.465740E-01  -0.465741E-01   0.000000E+00   0.341380E+06   0.341380E+06   0.341380E+06  -0.803644E-02   0.177383E+06   0.177374E+06   0.751061E-02
   0.456008E+00   0.322156E+06   0.320611E+06  -0.406052E-01  -0.406053E-01   0.000000E+00   0.321913E+06   0.321913E+06   0.321913E+06  -0.757818E-02   0.167268E+06   0.167259E+06   0.670118E-02
   0.474246E+00   0.303180E+06   0.301716E+06  -0.353307E-01  -0.353308E-01   0.000000E+00   0.302950E+06   0.302950E+06   0.302950E+06  -0.713176E-02   0.157415E+06   0.157406E+06   0.613414E-02
   0.493214E+00   0.285231E+06   0.283846E+06  -0.307315E-01  -0.307316E-01   0.000000E+00   0.285013E+06   0.285013E+06   0.285013E+06  -0.670952E-02   0.148095E+06   0.148087E+06   0.558737E-02
   0.512940E+00   0.268599E+06   0.267303E+06  -0.267566E-01  -0.267566E-01   0.000000E+00   0.268395E+06   0.268395E+06   0.268395E+06  -0.631830E-02   0.139460E+06   0.139452E+06   0.500971E-02
   0.533455E+00   0.252776E+06   0.251557E+06  -0.232809E-01  -0.232810E-01   0.000000E+00   0.252584E+06   0.252584E+06   0.252584E+06  -0.594610E-02   0.131245E+06   0.131237E+06   0.453205E-02
   0.554790E+00   0.237709E+06   0.236559E+06  -0.202417E-01  -0.202418E-01   0.000000E+00   0.237529E+06   0.237529E+06   0.237529E+06  -0.559168E-02   0.123422E+06   0.123415E+06   0.411981E-02
   0.576979E+00   0.223611E+06   0.222531E+06  -0.176049E-01  -0.176049E-01   0.000000E+00   0.223442E+06   0.223442E+06   0.223442E+06  -0.526005E-02   0.116102E+06   0.116095E+06   0.371333E-02
   0.600055E+00   0.210288E+06   0.209273E+06  -0.153070E-01  -0.153071E-01   0.000000E+00   0.210128E+06   0.210128E+06   0.210128E+06  -0.494664E-02   0.109184E+06   0.109178E+06   0.335545E-02
   0.624054E+00   0.197669E+06   0.196714E+06  -0.133031E-01  -0.133032E-01   0.000000E+00   0.197519E+06   0.197519E+06   0.197519E+06  -0.464981E-02   0.102632E+06   0.102627E+06   0.303867E-02
   0.649013E+00   0.185812E+06   0.184915E+06  -0.115618E-01  -0.115618E-01   0.000000E+00   0.185671E+06   0.185671E+06   0.185671E+06  -0.437089E-02   0.964759E+05   0.964706E+05   0.274210E-02
   0.808930E+00   0.130734E+06   0.130104E+06  -0.523634E-02  -0.523635E-02   0.000000E+00   0.130635E+06   0.130635E+06   0.130635E+06  -0.307529E-02   0.678791E+05   0.678753E+05   0.154796E-02
   0.100825E+01   0.914525E+05   0.910112E+05  -0.235786E-02  -0.235787E-02   0.000000E+00   0.913831E+05   0.913831E+05   0.913831E+05  -0.215126E-02   0.474834E+05   0.474807E+05   0.868992E-03
   0.125668E+01   0.636412E+05   0.633342E+05  -0.105620E-02  -0.105620E-02   0.000000E+00   0.635930E+05   0.635930E+05   0.635930E+05  -0.149705E-02   0.330434E+05   0.330416E+05   0.485666E-03
   0.156633E+01   0.440795E+05   0.438669E+05  -0.470900E-03  -0.470902E-03   0.000000E+00   0.440461E+05   0.440461E+05   0.440461E+05  -0.103689E-02   0.228867E+05   0.228854E+05   0.270439E-03
   0.195228E+01   0.304011E+05   0.302545E+05  -0.209058E-03  -0.209058E-03   0.000000E+00   0.303781E+05   0.303781E+05   0.303781E+05  -0.715132E-03   0.157847E+05   0.157838E+05   0.150182E-03
   0.243332E+01   0.208865E+05   0.207857E+05  -0.924541E-04  -0.924544E-04   0.000000E+00   0.208706E+05   0.208706E+05   0.208706E+05  -0.491317E-03   0.108445E+05   0.108439E+05   0.832680E-04
   0.303289E+01   0.142993E+05   0.142304E+05  -0.407439E-04  -0.407440E-04   0.000000E+00   0.142885E+05   0.142885E+05   0.142885E+05  -0.336366E-03   0.742441E+04   0.742399E+04   0.461650E-04
   0.378020E+01   0.975843E+04   0.971133E+04  -0.178983E-04  -0.178983E-04   0.000000E+00   0.975103E+04   0.975103E+04   0.975103E+04  -0.229550E-03   0.506671E+04   0.506642E+04   0.256461E-04
   0.471164E+01   0.664011E+04   0.660803E+04  -0.783955E-05  -0.783957E-05   0.000000E+00   0.663507E+04   0.663507E+04   0.663507E+04  -0.156197E-03   0.344763E+04   0.344743E+04   0.143171E-04
   0.587259E+01   0.450617E+04   0.448438E+04  -0.342459E-05  -0.342460E-05   0.000000E+00   0.450274E+04   0.450274E+04   0.450274E+04  -0.105999E-03   0.233966E+04   0.233952E+04   0.806389E-05
   0.731960E+01   0.305052E+04   0.303573E+04  -0.149231E-05  -0.149232E-05   0.000000E+00   0.304819E+04   0.304819E+04   0.304819E+04  -0.717577E-04   0.158386E+04   0.158376E+04   0.460710E-05
   0.912315E+01   0.206042E+04   0.205041E+04  -0.648826E-06  -0.648827E-06   0.000000E+00   0.205885E+04   0.205885E+04   0.205885E+04  -0.484674E-04   0.106979E+04   0.106972E+04   0.268827E-05
   0.113711E+02   0.138877E+04   0.138199E+04  -0.281506E-06  -0.281507E-06   0.000000E+00   0.138770E+04   0.138770E+04   0.138770E+04  -0.326680E-04   0.721062E+03   0.721007E+03   0.161489E-05
   0.141729E+02   0.934247E+03   0.929649E+03  -0.121901E-06  -0.121901E-06   0.000000E+00   0.933525E+03   0.933525E+03   0.933525E+03  -0.219762E-04   0.485068E+03   0.485025E+03   0.100677E-05
   0.176652E+02   0.627349E+03   0.624225E+03  -0.526916E-07  -0.526918E-07   0.000000E+00   0.626858E+03   0.626858E+03   0.626858E+03  -0.147569E-04   0.325722E+03   0.325687E+03   0.655540E-06
   0.220179E+02   0.420554E+03   0.418421E+03  -0.227375E-07  -0.227376E-07   0.000000E+00   0.420219E+03   0.420219E+03   0.420219E+03  -0.989239E-05   0.218350E+03   0.218321E+03   0.447101E-06
   0.274431E+02   0.281474E+03   0.280008E+03  -0.979607E-08  -0.979609E-08   0.000000E+00   0.281244E+03   0.281244E+03   0.281244E+03  -0.662078E-05   0.146138E+03   0.146112E+03   0.318909E-06
   0.342051E+02   0.188101E+03   0.187080E+03  -0.421406E-08  -0.421407E-08   0.000000E+00   0.187941E+03   0.187941E+03   0.187941E+03  -0.442433E-05   0.976574E+02   0.976331E+02   0.236600E-06
   0.426332E+02   0.125516E+03   0.124792E+03  -0.181013E-08  -0.181013E-08   0.000000E+00   0.125402E+03   0.125402E+03   0.125402E+03  -0.295211E-05   0.651619E+02   0.651388E+02   0.181178E-06
   0.531381E+02   0.836302E+02   0.831040E+02  -0.776396E-09  -0.776398E-09   0.000000E+00   0.835475E+02   0.835475E+02   0.835475E+02  -0.196680E-05   0.434139E+02   0.433913E+02   0.142045E-06
   0.662313E+02   0.556367E+02   0.552414E+02  -0.332511E-09  -0.332512E-09   0.000000E+00   0.555746E+02   0.555746E+02   0.555746E+02  -0.130828E-05   0.288790E+02   0.288565E+02   0.113190E-06
   0.825508E+02   0.369522E+02   0.366433E+02  -0.142178E-09  -0.142178E-09   0.000000E+00   0.369037E+02   0.369037E+02   0.369037E+02  -0.868752E-06   0.191775E+02   0.191550E+02   0.911257E-07
   0.102891E+03   0.244963E+02   0.242442E+02  -0.606837E-10  -0.606839E-10   0.000000E+00   0.244567E+02   0.244567E+02   0.244567E+02  -0.575737E-06   0.127100E+02   0.126873E+02   0.737609E-07
   0.128244E+03   0.162023E+02   0.159874E+02  -0.258451E-10  -0.258451E-10   0.000000E+00   0.161685E+02   0.161685E+02   0.161685E+02  -0.380624E-06   0.840346E+01   0.838047E+01   0.597883E-07
   0.159843E+03   0.106857E+02   0.104958E+02  -0.109778E-10  -0.109778E-10   0.000000E+00   0.106559E+02   0.106559E+02   0.106559E+02  -0.250851E-06   0.553909E+01   0.551592E+01   0.483514E-07
   0.199229E+03   0.702113E+01   0.684857E+01  -0.464666E-11  -0.464667E-11   0.000000E+00   0.699402E+01   0.699402E+01   0.699402E+01  -0.164647E-06   0.363636E+01   0.361315E+01   0.388630E-07
   0.248319E+03   0.459054E+01   0.443150E+01  -0.195791E-11  -0.195791E-11   0.000000E+00   0.456555E+01   0.456555E+01   0.456555E+01  -0.107478E-06   0.237449E+01   0.235148E+01   0.309089E-07
   0.309505E+03   0.298226E+01   0.283562E+01  -0.820188E-12  -0.820190E-12   0.000000E+00   0.295922E+01   0.295922E+01   0.295922E+01  -0.696632E-07   0.153977E+01   0.151731E+01   0.241998E-07
   0.385767E+03   0.192245E+01   0.178912E+01  -0.341197E-12  -0.341197E-12   0.000000E+00   0.190150E+01   0.190150E+01   0.190150E+01  -0.447633E-07   0.990056E+00   0.968602E+00   0.185510E-07
   0.480820E+03   0.122903E+01   0.111109E+01  -0.140920E-12  -0.140920E-12   0.000000E+00   0.121050E+01   0.121050E+01   0.121050E+01  -0.284964E-07   0.630845E+00   0.610853E+00   0.138689E-07
   0.599294E+03   0.780403E+00   0.679695E+00  -0.578982E-13  -0.578983E-13   0.000000E+00   0.764580E+00   0.764580E+00   0.764580E+00  -0.179990E-07   0.398944E+00   0.380761E+00   0.101203E-07
   0.746960E+03   0.494158E+00   0.410842E+00  -0.237753E-13  -0.237754E-13   0.000000E+00   0.481068E+00   0.481068E+00   0.481068E+00  -0.113249E-07   0.251421E+00   0.235162E+00   0.726042E-08
   0.931012E+03   0.313371E+00   0.245618E+00  -0.980658E-14  -0.980660E-14   0.000000E+00   0.302726E+00   0.302726E+00   0.302726E+00  -0.712649E-08   0.158556E+00   0.144179E+00   0.515114E-08
   0.116041E+04   0.199261E+00   0.144831E+00  -0.406836E-14  -0.406837E-14   0.000000E+00   0.190709E+00   0.190709E+00   0.190709E+00  -0.448950E-08   0.100164E+00   0.876562E-01   0.359531E-08
   0.144634E+04   0.127084E+00   0.841773E-01  -0.169844E-14  -0.169844E-14   0.000000E+00   0.120343E+00   0.120343E+00   0.120343E+00  -0.283300E-08   0.634218E-01   0.527402E-01   0.246344E-08
   0.180272E+04   0.813655E-01   0.480811E-01  -0.714188E-15  -0.714189E-15   0.000000E+00   0.761361E-01   0.761361E-01   0.761361E-01  -0.179232E-08   0.402888E-01   0.313331E-01   0.165710E-08
   0.224691E+04   0.522901E-01   0.269377E-01  -0.302279E-15  -0.302279E-15   0.000000E+00   0.483069E-01   0.483069E-01   0.483069E-01  -0.113719E-08   0.256826E-01   0.183283E-01   0.109177E-08
   0.280055E+04   0.337270E-01   0.147634E-01  -0.128648E-15  -0.128648E-15   0.000000E+00   0.307475E-01   0.307475E-01   0.307475E-01  -0.723830E-09   0.164317E-01   0.105257E-01   0.703440E-09
   0.349061E+04   0.218267E-01   0.789905E-02  -0.549763E-16  -0.549763E-16   0.000000E+00   0.196385E-01   0.196385E-01   0.196385E-01  -0.462311E-09   0.105520E-01   0.591795E-02   0.442832E-09
   0.435070E+04   0.141671E-01   0.412019E-02  -0.235507E-16  -0.235507E-16   0.000000E+00   0.125886E-01   0.125886E-01   0.125886E-01  -0.296349E-09   0.680085E-02   0.324964E-02   0.272268E-09
   0.542271E+04   0.921850E-02   0.209317E-02  -0.100968E-16  -0.100968E-16   0.000000E+00   0.809901E-02   0.809901E-02   0.809901E-02  -0.190659E-09   0.439811E-02   0.173965E-02   0.163528E-09
   0.675887E+04   0.601056E-02   0.103567E-02  -0.432628E-17  -0.432629E-17   0.000000E+00   0.522894E-02   0.522894E-02   0.522894E-02  -0.123095E-09   0.285289E-02   0.906930E-03   0.960373E-10
   0.842426E+04   0.392502E-02   0.499351E-03  -0.185081E-17  -0.185081E-17   0.000000E+00   0.338680E-02   0.338680E-02   0.338680E-02  -0.797288E-10   0.185533E-02   0.460355E-03   0.552350E-10
   0.105000E+05   0.256598E-02   0.234877E-03  -0.790088E-18  -0.790088E-18   0.000000E+00   0.219973E-02   0.219973E-02   0.219973E-02  -0.517840E-10   0.120908E-02   0.227748E-03   0.311748E-10
