#           k/h    P           
   0.100000E-03   0.425720E+03
   0.102020E-03   0.434025E+03
   0.104081E-03   0.442492E+03
   0.106184E-03   0.451124E+03
   0.108329E-03   0.459924E+03
   0.110517E-03   0.468895E+03
   0.112750E-03   0.478042E+03
   0.115027E-03   0.487366E+03
   0.117351E-03   0.496872E+03
   0.119722E-03   0.506564E+03
   0.122140E-03   0.516444E+03
   0.124608E-03   0.526516E+03
   0.127125E-03   0.536784E+03
   0.129693E-03   0.547253E+03
   0.132313E-03   0.557925E+03
   0.134986E-03   0.568805E+03
   0.137713E-03   0.579897E+03
   0.140495E-03   0.591204E+03
   0.143333E-03   0.602732E+03
   0.146228E-03   0.614484E+03
   0.149182E-03   0.626464E+03
   0.152196E-03   0.638678E+03
   0.155271E-03   0.651130E+03
   0.158407E-03   0.663823E+03
   0.161607E-03   0.676763E+03
   0.164872E-03   0.689955E+03
   0.168203E-03   0.703403E+03
   0.171601E-03   0.717113E+03
   0.175067E-03   0.731089E+03
   0.178604E-03   0.745337E+03
   0.182212E-03   0.759861E+03
   0.185893E-03   0.774667E+03
   0.189648E-03   0.789761E+03
   0.193479E-03   0.805148E+03
   0.197388E-03   0.820834E+03
   0.201375E-03   0.836824E+03
   0.205443E-03   0.853125E+03
   0.209594E-03   0.869741E+03
   0.213828E-03   0.886680E+03
   0.218147E-03   0.903947E+03
   0.222554E-03   0.921549E+03
   0.227050E-03   0.939492E+03
   0.231637E-03   0.957782E+03
   0.236316E-03   0.976427E+03
   0.241090E-03   0.995432E+03
   0.245960E-03   0.101481E+04
   0.250929E-03   0.103455E+04
   0.255998E-03   0.105468E+04
   0.261170E-03   0.107520E+04
   0.266446E-03   0.109612E+04
   0.271828E-03   0.111744E+04
   0.277319E-03   0.113917E+04
   0.282922E-03   0.116132E+04
   0.288637E-03   0.118390E+04
   0.294468E-03   0.120691E+04
   0.300417E-03   0.123037E+04
   0.306485E-03   0.125428E+04
   0.312677E-03   0.127865E+04
   0.318993E-03   0.130349E+04
   0.325437E-03   0.132881E+04
   0.332012E-03   0.135461E+04
   0.338719E-03   0.138091E+04
   0.345561E-03   0.140772E+04
   0.352542E-03   0.143504E+04
   0.359664E-03   0.146288E+04
   0.366930E-03   0.149126E+04
   0.374342E-03   0.152018E+04
   0.381904E-03   0.154965E+04
   0.389619E-03   0.157969E+04
   0.397490E-03   0.161030E+04
   0.405520E-03   0.164150E+04
   0.413712E-03   0.167330E+04
   0.422070E-03   0.170570E+04
   0.430596E-03   0.173871E+04
   0.439295E-03   0.177236E+04
   0.448169E-03   0.180664E+04
   0.457222E-03   0.184158E+04
   0.466459E-03   0.187718E+04
   0.475882E-03   0.191346E+04
   0.485496E-03   0.195042E+04
   0.495303E-03   0.198809E+04
   0.505309E-03   0.202646E+04
   0.515517E-03   0.206556E+04
   0.525931E-03   0.210540E+04
   0.536556E-03   0.214599E+04
   0.547395E-03   0.218734E+04
   0.558453E-03   0.222947E+04
   0.569734E-03   0.227240E+04
   0.581244E-03   0.231612E+04
   0.592986E-03   0.236067E+04
   0.604965E-03   0.240605E+04
   0.617186E-03   0.245228E+04
   0.629654E-03   0.249936E+04
   0.642374E-03   0.254733E+04
   0.655350E-03   0.259619E+04
   0.668589E-03   0.264595E+04
   0.682096E-03   0.269664E+04
   0.695875E-03   0.274826E+04
   0.709933E-03   0.280084E+04
   0.724274E-03   0.285438E+04
   0.738906E-03   0.290892E+04
   0.753832E-03   0.296445E+04
   0.769061E-03   0.302100E+04
   0.784597E-03   0.307859E+04
   0.800447E-03   0.313723E+04
   0.816617E-03   0.319694E+04
   0.833114E-03   0.325774E+04
   0.849944E-03   0.331964E+04
   0.867114E-03   0.338265E+04
   0.884631E-03   0.344681E+04
   0.902501E-03   0.351212E+04
   0.920733E-03   0.357860E+04
   0.939333E-03   0.364628E+04
   0.958309E-03   0.371516E+04
   0.977668E-03   0.378527E+04
   0.997418E-03   0.385663E+04
   0.101757E-02   0.392926E+04
   0.103812E-02   0.400316E+04
   0.105910E-02   0.407837E+04
   0.108049E-02   0.415491E+04
   0.110232E-02   0.423278E+04
   0.112459E-02   0.431201E+04
   0.114730E-02   0.439262E+04
   0.117048E-02   0.447463E+04
   0.119413E-02   0.455805E+04
   0.121825E-02   0.464291E+04
   0.124286E-02   0.472921E+04
   0.126797E-02   0.481699E+04
   0.129358E-02   0.490626E+04
   0.131971E-02   0.499704E+04
   0.134637E-02   0.508935E+04
   0.137357E-02   0.518320E+04
   0.140132E-02   0.527862E+04
   0.142963E-02   0.537562E+04
   0.145851E-02   0.547423E+04
   0.148797E-02   0.557446E+04
   0.151803E-02   0.567633E+04
   0.154870E-02   0.577986E+04
   0.157998E-02   0.588506E+04
   0.161190E-02   0.599196E+04
   0.164446E-02   0.610056E+04
   0.167768E-02   0.621089E+04
   0.171158E-02   0.632296E+04
   0.174615E-02   0.643678E+04
   0.178143E-02   0.655238E+04
   0.181741E-02   0.666976E+04
   0.185413E-02   0.678895E+04
   0.189158E-02   0.690995E+04
   0.192980E-02   0.703278E+04
   0.196878E-02   0.715746E+04
   0.200855E-02   0.728399E+04
   0.204913E-02   0.741239E+04
   0.209052E-02   0.754268E+04
   0.213276E-02   0.767486E+04
   0.217584E-02   0.780894E+04
   0.221979E-02   0.794493E+04
   0.226464E-02   0.808285E+04
   0.231039E-02   0.822269E+04
   0.235706E-02   0.836446E+04
   0.240467E-02   0.850818E+04
   0.245325E-02   0.865384E+04
   0.250281E-02   0.880144E+04
   0.255337E-02   0.895100E+04
   0.260495E-02   0.910251E+04
   0.265758E-02   0.925597E+04
   0.271126E-02   0.941139E+04
   0.276603E-02   0.956877E+04
   0.282191E-02   0.972810E+04
   0.287892E-02   0.988937E+04
   0.293708E-02   0.100526E+05
   0.299641E-02   0.102178E+05
   0.305694E-02   0.103848E+05
   0.311870E-02   0.105539E+05
   0.318170E-02   0.107248E+05
   0.324597E-02   0.108976E+05
   0.331155E-02   0.110723E+05
   0.337844E-02   0.112488E+05
   0.344669E-02   0.114272E+05
   0.351632E-02   0.116074E+05
   0.358735E-02   0.117894E+05
   0.365982E-02   0.119732E+05
   0.373376E-02   0.121587E+05
   0.380918E-02   0.123459E+05
   0.388613E-02   0.125349E+05
   0.396464E-02   0.127255E+05
   0.404473E-02   0.129177E+05
   0.412644E-02   0.131115E+05
   0.420980E-02   0.133069E+05
   0.429484E-02   0.135038E+05
   0.438160E-02   0.137021E+05
   0.447012E-02   0.139019E+05
   0.456042E-02   0.141030E+05
   0.465255E-02   0.143054E+05
   0.474653E-02   0.145091E+05
   0.484242E-02   0.147139E+05
   0.494024E-02   0.149199E+05
   0.504004E-02   0.151270E+05
   0.514186E-02   0.153350E+05
   0.524573E-02   0.155440E+05
   0.535170E-02   0.157538E+05
   0.545981E-02   0.159644E+05
   0.557011E-02   0.161757E+05
   0.568263E-02   0.163875E+05
   0.579743E-02   0.165999E+05
   0.591455E-02   0.168131E+05
   0.603403E-02   0.170266E+05
   0.615592E-02   0.172399E+05
   0.628028E-02   0.174532E+05
   0.640715E-02   0.176666E+05
   0.653658E-02   0.178798E+05
   0.666863E-02   0.180928E+05
   0.680335E-02   0.183055E+05
   0.694078E-02   0.185176E+05
   0.708100E-02   0.187291E+05
   0.722404E-02   0.189398E+05
   0.736998E-02   0.191496E+05
   0.751886E-02   0.193584E+05
   0.767075E-02   0.195657E+05
   0.782571E-02   0.197714E+05
   0.798380E-02   0.199759E+05
   0.814509E-02   0.201788E+05
   0.830963E-02   0.203799E+05
   0.847750E-02   0.205788E+05
   0.864875E-02   0.207756E+05
   0.882347E-02   0.209700E+05
   0.900171E-02   0.211617E+05
   0.918356E-02   0.213507E+05
   0.936908E-02   0.215368E+05
   0.955835E-02   0.217197E+05
   0.975144E-02   0.218992E+05
   0.994843E-02   0.220750E+05
   0.101494E-01   0.222470E+05
   0.103544E-01   0.224149E+05
   0.105636E-01   0.225785E+05
   0.107770E-01   0.227376E+05
   0.109947E-01   0.228919E+05
   0.112168E-01   0.230412E+05
   0.114434E-01   0.231852E+05
   0.116746E-01   0.233238E+05
   0.119104E-01   0.234566E+05
   0.121510E-01   0.235833E+05
   0.123965E-01   0.237038E+05
   0.126469E-01   0.238178E+05
   0.129024E-01   0.239250E+05
   0.131631E-01   0.240251E+05
   0.134290E-01   0.241179E+05
   0.137003E-01   0.242031E+05
   0.139770E-01   0.242804E+05
   0.142594E-01   0.243496E+05
   0.145474E-01   0.244104E+05
   0.148413E-01   0.244625E+05
   0.151411E-01   0.245057E+05
   0.154470E-01   0.245398E+05
   0.157590E-01   0.245644E+05
   0.160774E-01   0.245793E+05
   0.164022E-01   0.245843E+05
   0.167335E-01   0.245792E+05
   0.170716E-01   0.245638E+05
   0.174164E-01   0.245378E+05
   0.177683E-01   0.245010E+05
   0.181272E-01   0.244533E+05
   0.184934E-01   0.243945E+05
   0.188670E-01   0.243245E+05
   0.192481E-01   0.242430E+05
   0.196370E-01   0.241501E+05
   0.200337E-01   0.240456E+05
   0.204384E-01   0.239294E+05
   0.208513E-01   0.238016E+05
   0.212725E-01   0.236620E+05
   0.217022E-01   0.235108E+05
   0.221406E-01   0.233480E+05
   0.225879E-01   0.231736E+05
   0.230442E-01   0.229878E+05
   0.235097E-01   0.227908E+05
   0.239847E-01   0.225826E+05
   0.244692E-01   0.223636E+05
   0.249635E-01   0.221341E+05
   0.254678E-01   0.218942E+05
   0.259823E-01   0.216445E+05
   0.265072E-01   0.213853E+05
   0.270426E-01   0.211171E+05
   0.275889E-01   0.208403E+05
   0.281463E-01   0.205555E+05
   0.287149E-01   0.202633E+05
   0.292949E-01   0.199642E+05
   0.298867E-01   0.196591E+05
   0.304905E-01   0.193485E+05
   0.311064E-01   0.190333E+05
   0.317348E-01   0.187142E+05
   0.323759E-01   0.183921E+05
   0.330299E-01   0.180677E+05
   0.336972E-01   0.177420E+05
   0.343779E-01   0.174158E+05
   0.350724E-01   0.170901E+05
   0.357809E-01   0.167661E+05
   0.365038E-01   0.164436E+05
   0.372412E-01   0.161223E+05
   0.379935E-01   0.158034E+05
   0.387610E-01   0.154884E+05
   0.395440E-01   0.151791E+05
   0.403429E-01   0.148766E+05
   0.411579E-01   0.145816E+05
   0.419893E-01   0.142950E+05
   0.428375E-01   0.140175E+05
   0.437029E-01   0.137496E+05
   0.445858E-01   0.134917E+05
   0.454865E-01   0.132441E+05
   0.464053E-01   0.130069E+05
   0.473428E-01   0.127800E+05
   0.482992E-01   0.125632E+05
   0.492749E-01   0.123561E+05
   0.502703E-01   0.121582E+05
   0.512858E-01   0.119690E+05
   0.523219E-01   0.117879E+05
   0.533789E-01   0.116140E+05
   0.544572E-01   0.114469E+05
   0.555573E-01   0.112857E+05
   0.566796E-01   0.111282E+05
   0.578246E-01   0.109758E+05
   0.589927E-01   0.108333E+05
   0.601845E-01   0.106963E+05
   0.614003E-01   0.105570E+05
   0.626407E-01   0.104126E+05
   0.639061E-01   0.102656E+05
   0.651971E-01   0.101167E+05
   0.665142E-01   0.996285E+04
   0.678578E-01   0.980156E+04
   0.692287E-01   0.963150E+04
   0.706272E-01   0.945156E+04
   0.720539E-01   0.926069E+04
   0.735095E-01   0.905820E+04
   0.749945E-01   0.884407E+04
   0.765095E-01   0.861874E+04
   0.780551E-01   0.838319E+04
   0.796319E-01   0.813885E+04
   0.812406E-01   0.788753E+04
   0.828817E-01   0.763137E+04
   0.845561E-01   0.737261E+04
   0.862642E-01   0.711361E+04
   0.880068E-01   0.685670E+04
   0.897847E-01   0.660414E+04
   0.915985E-01   0.635816E+04
   0.934489E-01   0.612090E+04
   0.953367E-01   0.589438E+04
   0.972626E-01   0.568050E+04
   0.992274E-01   0.548094E+04
   0.101232E+00   0.529706E+04
   0.103277E+00   0.512975E+04
   0.105363E+00   0.497938E+04
   0.107492E+00   0.484567E+04
   0.109663E+00   0.472769E+04
   0.111879E+00   0.462387E+04
   0.114139E+00   0.453204E+04
   0.116445E+00   0.444950E+04
   0.118797E+00   0.437313E+04
   0.121197E+00   0.429948E+04
   0.123645E+00   0.422490E+04
   0.126143E+00   0.414584E+04
   0.128691E+00   0.405913E+04
   0.131291E+00   0.396239E+04
   0.133943E+00   0.385437E+04
   0.136649E+00   0.373509E+04
   0.139409E+00   0.360582E+04
   0.142226E+00   0.346878E+04
   0.145099E+00   0.332675E+04
   0.148030E+00   0.318282E+04
   0.151020E+00   0.304025E+04
   0.154071E+00   0.290237E+04
   0.157184E+00   0.277257E+04
   0.160359E+00   0.265398E+04
   0.163598E+00   0.254891E+04
   0.166903E+00   0.245837E+04
   0.170275E+00   0.238183E+04
   0.173715E+00   0.231721E+04
   0.177224E+00   0.226158E+04
   0.180804E+00   0.221157E+04
   0.184457E+00   0.216380E+04
   0.188183E+00   0.211499E+04
   0.191985E+00   0.206208E+04
   0.195863E+00   0.200271E+04
   0.199820E+00   0.193576E+04
   0.203856E+00   0.186178E+04
   0.207974E+00   0.178290E+04
   0.212176E+00   0.170214E+04
   0.216462E+00   0.162282E+04
   0.220835E+00   0.154806E+04
   0.225296E+00   0.148043E+04
   0.229847E+00   0.142162E+04
   0.234490E+00   0.137150E+04
   0.239227E+00   0.132908E+04
   0.244060E+00   0.129169E+04
   0.248990E+00   0.125648E+04
   0.254020E+00   0.122071E+04
   0.259152E+00   0.118223E+04
   0.264387E+00   0.114014E+04
   0.269728E+00   0.109450E+04
   0.275177E+00   0.104705E+04
   0.280736E+00   0.999819E+03
   0.286407E+00   0.955198E+03
   0.292193E+00   0.914856E+03
   0.298096E+00   0.879297E+03
   0.304118E+00   0.848193E+03
   0.310261E+00   0.820026E+03
   0.316529E+00   0.793159E+03
   0.322923E+00   0.765877E+03
   0.329447E+00   0.737221E+03
   0.336102E+00   0.707285E+03
   0.342892E+00   0.676852E+03
   0.349819E+00   0.647429E+03
   0.356885E+00   0.620057E+03
   0.364095E+00   0.595219E+03
   0.371450E+00   0.572697E+03
   0.378954E+00   0.551614E+03
   0.386609E+00   0.531125E+03
   0.394419E+00   0.510481E+03
   0.402387E+00   0.489581E+03
   0.410516E+00   0.468863E+03
   0.418809E+00   0.448897E+03
   0.427269E+00   0.430277E+03
   0.435901E+00   0.413017E+03
   0.444706E+00   0.396745E+03
   0.453690E+00   0.381046E+03
   0.462855E+00   0.365541E+03
   0.472206E+00   0.350262E+03
   0.481745E+00   0.335458E+03
   0.491477E+00   0.321337E+03
   0.501405E+00   0.308035E+03
   0.511534E+00   0.295411E+03
   0.521868E+00   0.283230E+03
   0.532411E+00   0.271401E+03
   0.543166E+00   0.259912E+03
   0.554139E+00   0.248859E+03
   0.565333E+00   0.238344E+03
   0.576753E+00   0.228314E+03
   0.588404E+00   0.218680E+03
   0.600291E+00   0.209395E+03
   0.612418E+00   0.200438E+03
   0.624789E+00   0.191840E+03
   0.637411E+00   0.183625E+03
   0.650288E+00   0.175762E+03
   0.663424E+00   0.168216E+03
   0.676826E+00   0.160971E+03
   0.690499E+00   0.154018E+03
   0.704448E+00   0.147345E+03
   0.718679E+00   0.140944E+03
   0.733197E+00   0.134805E+03
   0.748009E+00   0.128919E+03
   0.763119E+00   0.123277E+03
   0.778536E+00   0.117870E+03
   0.794263E+00   0.112689E+03
   0.810308E+00   0.107726E+03
   0.826677E+00   0.102973E+03
   0.843378E+00   0.984216E+02
   0.860415E+00   0.940632E+02
   0.877797E+00   0.898902E+02
   0.895529E+00   0.858950E+02
   0.913620E+00   0.820702E+02
   0.932076E+00   0.784090E+02
   0.950906E+00   0.749046E+02
   0.970115E+00   0.715505E+02
   0.989713E+00   0.683406E+02
   0.100971E+01   0.652690E+02
   0.103010E+01   0.623298E+02
   0.105091E+01   0.595178E+02
   0.107214E+01   0.568277E+02
   0.109380E+01   0.542545E+02
   0.111590E+01   0.517935E+02
   0.113844E+01   0.494399E+02
   0.116144E+01   0.471894E+02
   0.118490E+01   0.450378E+02
   0.120884E+01   0.429807E+02
   0.123326E+01   0.410144E+02
   0.125817E+01   0.391350E+02
   0.128359E+01   0.373388E+02
   0.130952E+01   0.356224E+02
   0.133597E+01   0.339823E+02
   0.136296E+01   0.324153E+02
   0.139049E+01   0.309183E+02
   0.141858E+01   0.294882E+02
   0.144724E+01   0.281222E+02
   0.147648E+01   0.268175E+02
   0.150630E+01   0.255716E+02
   0.153673E+01   0.243817E+02
   0.156778E+01   0.232456E+02
   0.159945E+01   0.221609E+02
   0.163176E+01   0.211253E+02
   0.166472E+01   0.201367E+02
   0.169835E+01   0.191931E+02
   0.173266E+01   0.182924E+02
   0.176766E+01   0.174329E+02
   0.180337E+01   0.166126E+02
   0.183980E+01   0.158299E+02
   0.187697E+01   0.150830E+02
   0.191489E+01   0.143705E+02
   0.195357E+01   0.136907E+02
   0.199304E+01   0.130423E+02
   0.203330E+01   0.124238E+02
   0.207437E+01   0.118339E+02
   0.211628E+01   0.112713E+02
   0.215903E+01   0.107348E+02
   0.220265E+01   0.102232E+02
   0.224714E+01   0.973540E+01
   0.229254E+01   0.927032E+01
   0.233885E+01   0.882693E+01
   0.238610E+01   0.840425E+01
   0.243430E+01   0.800135E+01
   0.248348E+01   0.761732E+01
   0.253365E+01   0.725131E+01
   0.258483E+01   0.690249E+01
   0.263705E+01   0.657008E+01
   0.269032E+01   0.625333E+01
   0.274466E+01   0.595152E+01
   0.280011E+01   0.566396E+01
   0.285668E+01   0.539001E+01
   0.291439E+01   0.512903E+01
   0.297326E+01   0.488042E+01
   0.303332E+01   0.464362E+01
   0.309460E+01   0.441807E+01
   0.315712E+01   0.420326E+01
   0.322090E+01   0.399869E+01
   0.328596E+01   0.380387E+01
   0.335234E+01   0.361837E+01
   0.342006E+01   0.344173E+01
   0.348916E+01   0.327356E+01
   0.355964E+01   0.311344E+01
   0.363155E+01   0.296101E+01
   0.370491E+01   0.281591E+01
   0.377976E+01   0.267779E+01
   0.385611E+01   0.254631E+01
   0.393401E+01   0.242118E+01
   0.401348E+01   0.230209E+01
   0.409456E+01   0.218875E+01
   0.417727E+01   0.208090E+01
   0.426166E+01   0.197827E+01
   0.434775E+01   0.188061E+01
   0.443558E+01   0.178769E+01
   0.452519E+01   0.169929E+01
   0.461660E+01   0.161519E+01
   0.470987E+01   0.153518E+01
   0.480501E+01   0.145907E+01
   0.490208E+01   0.138667E+01
   0.500111E+01   0.131781E+01
   0.510214E+01   0.125231E+01
   0.520521E+01   0.119002E+01
   0.531036E+01   0.113077E+01
   0.541763E+01   0.107444E+01
   0.552708E+01   0.102086E+01
   0.563873E+01   0.969918E+00
   0.575264E+01   0.921479E+00
   0.586885E+01   0.875424E+00
   0.598741E+01   0.831636E+00
   0.610836E+01   0.790007E+00
   0.623176E+01   0.750432E+00
   0.635765E+01   0.712811E+00
   0.648609E+01   0.677049E+00
   0.661711E+01   0.643056E+00
   0.675079E+01   0.610747E+00
   0.688716E+01   0.580038E+00
   0.702629E+01   0.550852E+00
   0.716823E+01   0.523116E+00
   0.731304E+01   0.496757E+00
   0.746077E+01   0.471708E+00
   0.761149E+01   0.447906E+00
   0.776525E+01   0.425290E+00
   0.792212E+01   0.403800E+00
   0.808217E+01   0.383383E+00
   0.824543E+01   0.363985E+00
   0.841200E+01   0.345556E+00
   0.858193E+01   0.328048E+00
   0.875530E+01   0.311417E+00
   0.893217E+01   0.295618E+00
   0.911261E+01   0.280611E+00
   0.929670E+01   0.266356E+00
   0.948451E+01   0.252817E+00
   0.967610E+01   0.239959E+00
   0.987158E+01   0.227746E+00
   0.100710E+02   0.216148E+00
   0.102744E+02   0.205133E+00
   0.104820E+02   0.194673E+00
   0.106938E+02   0.184741E+00
   0.109098E+02   0.175309E+00
   0.111302E+02   0.166354E+00
   0.113550E+02   0.157851E+00
   0.115844E+02   0.149778E+00
   0.118184E+02   0.142113E+00
   0.120572E+02   0.134836E+00
   0.123007E+02   0.127928E+00
   0.125492E+02   0.121370E+00
   0.128027E+02   0.115145E+00
   0.130614E+02   0.109235E+00
   0.133252E+02   0.103626E+00
   0.135944E+02   0.983016E-01
   0.138691E+02   0.932481E-01
   0.141492E+02   0.884516E-01
   0.144351E+02   0.838994E-01
   0.147267E+02   0.795791E-01
   0.150242E+02   0.754790E-01
   0.153277E+02   0.715881E-01
   0.156373E+02   0.678958E-01
   0.159532E+02   0.643920E-01
   0.162755E+02   0.610673E-01
   0.166043E+02   0.579126E-01
   0.169397E+02   0.549193E-01
   0.172819E+02   0.520792E-01
   0.176310E+02   0.493846E-01
   0.179872E+02   0.468282E-01
   0.183505E+02   0.444028E-01
   0.187212E+02   0.421019E-01
   0.190994E+02   0.399191E-01
   0.194853E+02   0.378484E-01
   0.198789E+02   0.358842E-01
   0.202805E+02   0.340210E-01
   0.206902E+02   0.322536E-01
   0.211081E+02   0.305773E-01
   0.215346E+02   0.289873E-01
   0.219696E+02   0.274792E-01
   0.224134E+02   0.260489E-01
   0.228662E+02   0.246924E-01
   0.233281E+02   0.234060E-01
   0.237994E+02   0.221859E-01
   0.242802E+02   0.210290E-01
   0.247707E+02   0.199318E-01
   0.252710E+02   0.188914E-01
   0.257816E+02   0.179048E-01
   0.263024E+02   0.169693E-01
   0.268337E+02   0.160823E-01
   0.273758E+02   0.152413E-01
   0.279288E+02   0.144439E-01
   0.284930E+02   0.136878E-01
   0.290686E+02   0.129710E-01
   0.296558E+02   0.122915E-01
   0.302549E+02   0.116472E-01
   0.308661E+02   0.110364E-01
   0.314897E+02   0.104574E-01
   0.321258E+02   0.990856E-02
   0.327748E+02   0.938826E-02
   0.334369E+02   0.889506E-02
   0.341123E+02   0.842756E-02
   0.348014E+02   0.798443E-02
   0.355045E+02   0.756442E-02
   0.362217E+02   0.716633E-02
   0.369535E+02   0.678901E-02
   0.377000E+02   0.643141E-02
   0.384616E+02   0.609249E-02
   0.392386E+02   0.577128E-02
   0.400312E+02   0.546688E-02
   0.408399E+02   0.517840E-02
   0.416649E+02   0.490502E-02
   0.425066E+02   0.464596E-02
   0.433653E+02   0.440048E-02
   0.442413E+02   0.416786E-02
   0.451350E+02   0.394744E-02
   0.460469E+02   0.373858E-02
   0.469770E+02   0.354069E-02
   0.479261E+02   0.335318E-02
   0.488942E+02   0.317552E-02
   0.498820E+02   0.300720E-02
   0.508896E+02   0.284773E-02
   0.519177E+02   0.269665E-02
   0.529665E+02   0.255352E-02
   0.540365E+02   0.241792E-02
   0.551281E+02   0.228946E-02
   0.562417E+02   0.216778E-02
   0.573779E+02   0.205250E-02
   0.585370E+02   0.194330E-02
   0.597195E+02   0.183987E-02
   0.609260E+02   0.174189E-02
   0.621568E+02   0.164908E-02
   0.634124E+02   0.156118E-02
   0.646934E+02   0.147792E-02
   0.660003E+02   0.139906E-02
   0.673336E+02   0.132438E-02
   0.686938E+02   0.125364E-02
   0.700816E+02   0.118665E-02
   0.714973E+02   0.112320E-02
   0.729416E+02   0.106312E-02
   0.744151E+02   0.100622E-02
   0.759184E+02   0.952337E-03
   0.774521E+02   0.901311E-03
   0.790167E+02   0.852993E-03
   0.806129E+02   0.807239E-03
   0.822415E+02   0.763915E-03
   0.839028E+02   0.722893E-03
   0.855978E+02   0.684052E-03
   0.873269E+02   0.647276E-03
   0.890911E+02   0.612456E-03
   0.908908E+02   0.579489E-03
   0.927270E+02   0.548277E-03
   0.946001E+02   0.518728E-03
   0.965112E+02   0.490753E-03
   0.984608E+02   0.464269E-03
   0.100450E+03   0.439198E-03
   0.102479E+03   0.415465E-03
   0.104549E+03   0.392999E-03
   0.106661E+03   0.371732E-03
   0.108816E+03   0.351602E-03
   0.111014E+03   0.332548E-03
   0.113257E+03   0.314514E-03
   0.115545E+03   0.297444E-03
   0.117879E+03   0.281287E-03
   0.120260E+03   0.265996E-03
   0.122690E+03   0.251525E-03
   0.125168E+03   0.237829E-03
   0.127697E+03   0.224868E-03
   0.130277E+03   0.212603E-03
   0.132908E+03   0.200996E-03
   0.135593E+03   0.190013E-03
   0.138332E+03   0.179620E-03
   0.141127E+03   0.169786E-03
   0.143978E+03   0.160482E-03
   0.146886E+03   0.151678E-03
   0.149854E+03   0.143349E-03
   0.152881E+03   0.135468E-03
   0.155969E+03   0.128013E-03
   0.159120E+03   0.120960E-03
   0.162334E+03   0.114289E-03
   0.165614E+03   0.107977E-03
   0.168960E+03   0.102008E-03
   0.172373E+03   0.963610E-04
   0.175855E+03   0.910201E-04
   0.179407E+03   0.859687E-04
   0.183032E+03   0.811913E-04
   0.186729E+03   0.766732E-04
   0.190501E+03   0.724006E-04
   0.194350E+03   0.683603E-04
   0.198276E+03   0.645398E-04
   0.202281E+03   0.609275E-04
   0.206368E+03   0.575121E-04
   0.210536E+03   0.542831E-04
   0.214790E+03   0.512305E-04
   0.219129E+03   0.483448E-04
   0.223555E+03   0.456171E-04
   0.228071E+03   0.430387E-04
   0.232679E+03   0.406018E-04
   0.237379E+03   0.382987E-04
   0.242175E+03   0.361223E-04
   0.247067E+03   0.340656E-04
   0.252058E+03   0.321223E-04
   0.257150E+03   0.302862E-04
   0.262345E+03   0.285516E-04
   0.267644E+03   0.269130E-04
   0.273051E+03   0.253653E-04
   0.278567E+03   0.239034E-04
   0.284195E+03   0.225229E-04
   0.289936E+03   0.212192E-04
   0.295793E+03   0.199882E-04
   0.301768E+03   0.188260E-04
   0.307864E+03   0.177289E-04
   0.314084E+03   0.166933E-04
   0.320428E+03   0.157158E-04
   0.326902E+03   0.147934E-04
   0.333505E+03   0.139231E-04
   0.340243E+03   0.131019E-04
   0.347116E+03   0.123274E-04
   0.354128E+03   0.115968E-04
   0.361282E+03   0.109078E-04
   0.368581E+03   0.102582E-04
   0.376026E+03   0.964569E-05
   0.383623E+03   0.906834E-05
   0.391372E+03   0.852419E-05
   0.399279E+03   0.801140E-05
   0.407344E+03   0.752826E-05
   0.415573E+03   0.707313E-05
   0.423968E+03   0.664449E-05
   0.432533E+03   0.624087E-05
   0.441271E+03   0.586088E-05
   0.450185E+03   0.550321E-05
   0.459279E+03   0.516661E-05
   0.468558E+03   0.484991E-05
   0.478023E+03   0.455197E-05
   0.487680E+03   0.427174E-05
   0.497532E+03   0.400821E-05
   0.507582E+03   0.376044E-05
   0.517837E+03   0.352755E-05
   0.528297E+03   0.330869E-05
   0.538970E+03   0.310307E-05
   0.549857E+03   0.290993E-05
   0.560966E+03   0.272854E-05
   0.572298E+03   0.255823E-05
   0.583859E+03   0.239835E-05
   0.595653E+03   0.224829E-05
   0.607687E+03   0.210748E-05
   0.619962E+03   0.197536E-05
   0.632487E+03   0.185143E-05
   0.645264E+03   0.173518E-05
   0.658299E+03   0.162617E-05
   0.671597E+03   0.152396E-05
   0.685165E+03   0.142813E-05
   0.699006E+03   0.133830E-05
   0.713127E+03   0.125411E-05
   0.727533E+03   0.117521E-05
   0.742230E+03   0.110127E-05
   0.757224E+03   0.103200E-05
   0.772521E+03   0.967094E-06
   0.788127E+03   0.906290E-06
   0.804048E+03   0.849325E-06
   0.820291E+03   0.795955E-06
   0.836862E+03   0.745952E-06
   0.853768E+03   0.699103E-06
   0.871015E+03   0.655208E-06
   0.888611E+03   0.614079E-06
   0.906563E+03   0.575542E-06
   0.924875E+03   0.539432E-06
   0.943559E+03   0.505595E-06
   0.962621E+03   0.473889E-06
   0.982068E+03   0.444179E-06
   0.100191E+04   0.416338E-06
   0.102215E+04   0.390250E-06
   0.104279E+04   0.365804E-06
   0.106386E+04   0.342896E-06
   0.108535E+04   0.321430E-06
   0.110728E+04   0.301315E-06
   0.112965E+04   0.282466E-06
   0.115247E+04   0.264803E-06
   0.117575E+04   0.248251E-06
   0.119950E+04   0.232740E-06
   0.122373E+04   0.218205E-06
   0.124845E+04   0.204584E-06
   0.127367E+04   0.191819E-06
   0.129940E+04   0.179857E-06
   0.132565E+04   0.168647E-06
   0.135243E+04   0.158142E-06
   0.137975E+04   0.148297E-06
   0.140762E+04   0.139070E-06
   0.143606E+04   0.130423E-06
   0.146507E+04   0.122318E-06
   0.149467E+04   0.114723E-06
   0.152486E+04   0.107604E-06
   0.155567E+04   0.100931E-06
   0.158709E+04   0.946769E-07
   0.161916E+04   0.888142E-07
   0.165186E+04   0.833184E-07
   0.168523E+04   0.781663E-07
   0.171928E+04   0.733363E-07
   0.175401E+04   0.688079E-07
   0.178944E+04   0.645622E-07
   0.182559E+04   0.605814E-07
   0.186247E+04   0.568487E-07
   0.190010E+04   0.533486E-07
   0.193848E+04   0.500664E-07
   0.197764E+04   0.469885E-07
   0.201759E+04   0.441019E-07
   0.205835E+04   0.413948E-07
   0.209993E+04   0.388558E-07
   0.214235E+04   0.364743E-07
   0.218563E+04   0.342407E-07
   0.222978E+04   0.321454E-07
   0.227483E+04   0.301800E-07
   0.232078E+04   0.283363E-07
   0.236766E+04   0.266066E-07
   0.241550E+04   0.249839E-07
   0.246429E+04   0.234614E-07
   0.251407E+04   0.220329E-07
   0.256486E+04   0.206925E-07
   0.261667E+04   0.194347E-07
   0.266954E+04   0.182544E-07
   0.272346E+04   0.171468E-07
   0.277848E+04   0.161073E-07
   0.283461E+04   0.151316E-07
   0.289187E+04   0.142159E-07
   0.295029E+04   0.133564E-07
   0.300989E+04   0.125496E-07
   0.307070E+04   0.117922E-07
   0.313273E+04   0.110811E-07
   0.319601E+04   0.104136E-07
   0.326057E+04   0.978684E-08
   0.332644E+04   0.919835E-08
   0.339364E+04   0.864577E-08
   0.346220E+04   0.812687E-08
   0.353214E+04   0.763958E-08
   0.360349E+04   0.718194E-08
   0.367629E+04   0.675213E-08
   0.375056E+04   0.634842E-08
   0.382632E+04   0.596922E-08
   0.390362E+04   0.561300E-08
   0.398248E+04   0.527837E-08
   0.406293E+04   0.496399E-08
   0.414500E+04   0.466862E-08
   0.422874E+04   0.439109E-08
   0.431417E+04   0.413032E-08
   0.440132E+04   0.388526E-08
   0.449023E+04   0.365497E-08
   0.458094E+04   0.343854E-08
   0.467348E+04   0.323512E-08
   0.476789E+04   0.304392E-08
   0.486420E+04   0.286420E-08
   0.496247E+04   0.269525E-08
   0.506272E+04   0.253641E-08
   0.516500E+04   0.238708E-08
   0.526933E+04   0.224668E-08
   0.537578E+04   0.211466E-08
   0.548438E+04   0.199051E-08
   0.559517E+04   0.187376E-08
   0.570820E+04   0.176397E-08
   0.582351E+04   0.166070E-08
   0.594116E+04   0.156357E-08
   0.606118E+04   0.147221E-08
   0.618363E+04   0.138626E-08
   0.630853E+04   0.130540E-08
   0.643598E+04   0.122933E-08
   0.656600E+04   0.115776E-08
   0.669864E+04   0.109041E-08
   0.683395E+04   0.102704E-08
   0.697201E+04   0.967397E-09
   0.711286E+04   0.911270E-09
   0.725655E+04   0.858444E-09
   0.740313E+04   0.808722E-09
   0.755269E+04   0.761920E-09
   0.770527E+04   0.717862E-09
   0.786093E+04   0.676386E-09
   0.801972E+04   0.637337E-09
   0.818173E+04   0.600571E-09
   0.834702E+04   0.565954E-09
   0.851564E+04   0.533357E-09
   0.868766E+04   0.502660E-09
   0.886316E+04   0.473752E-09
   0.904221E+04   0.446527E-09
   0.922488E+04   0.420884E-09
   0.941122E+04   0.396732E-09
   0.960135E+04   0.373981E-09
   0.979531E+04   0.352549E-09
   0.999320E+04   0.332360E-09
   0.101951E+05   0.313339E-09
   0.104010E+05   0.295419E-09
   0.106111E+05   0.278534E-09
   0.108255E+05   0.262624E-09
   0.110442E+05   0.247632E-09
   0.112673E+05   0.233505E-09
   0.114949E+05   0.220191E-09
   0.117271E+05   0.207643E-09
   0.119640E+05   0.195818E-09
   0.122057E+05   0.184671E-09
   0.124523E+05   0.174165E-09
   0.127038E+05   0.164262E-09
   0.129605E+05   0.154926E-09
   0.132223E+05   0.146125E-09
   0.134894E+05   0.137828E-09
   0.137619E+05   0.130006E-09
   0.140399E+05   0.122631E-09
   0.143235E+05   0.115677E-09
   0.146129E+05   0.109121E-09
   0.149081E+05   0.102939E-09
   0.152093E+05   0.971096E-10
   0.155165E+05   0.916128E-10
   0.158299E+05   0.864293E-10
   0.161497E+05   0.815412E-10
   0.164760E+05   0.769314E-10
   0.168088E+05   0.725840E-10
   0.171484E+05   0.684840E-10
   0.174948E+05   0.646170E-10
   0.178482E+05   0.609696E-10
   0.182088E+05   0.575291E-10
   0.185766E+05   0.542837E-10
   0.189519E+05   0.512220E-10
   0.193348E+05   0.483335E-10
   0.197254E+05   0.456083E-10
   0.201238E+05   0.430371E-10
   0.205303E+05   0.406111E-10
   0.209451E+05   0.383218E-10
