-6.000000e+00 -1.730210e+01
-5.000000e+00 -1.333597e+01
-4.000000e+00 -9.369852e+00
-3.991315e+00 -9.335405e+00
-3.982629e+00 -9.300956e+00
-3.973941e+00 -9.266503e+00
-3.965255e+00 -9.232055e+00
-3.956571e+00 -9.197612e+00
-3.947883e+00 -9.163160e+00
-3.939200e+00 -9.128721e+00
-3.930513e+00 -9.094270e+00
-3.921826e+00 -9.059820e+00
-3.913142e+00 -9.025379e+00
-3.904454e+00 -8.990927e+00
-3.895769e+00 -8.956483e+00
-3.887083e+00 -8.922038e+00
-3.878397e+00 -8.887592e+00
-3.869711e+00 -8.853146e+00
-3.861025e+00 -8.818700e+00
-3.852339e+00 -8.784255e+00
-3.843654e+00 -8.749812e+00
-3.834969e+00 -8.715373e+00
-3.826284e+00 -8.680930e+00
-3.817597e+00 -8.646483e+00
-3.808910e+00 -8.612037e+00
-3.800226e+00 -8.577600e+00
-3.791540e+00 -8.543158e+00
-3.782853e+00 -8.508714e+00
-3.774166e+00 -8.474270e+00
-3.765480e+00 -8.439828e+00
-3.756796e+00 -8.405392e+00
-3.748109e+00 -8.370949e+00
-3.739423e+00 -8.336510e+00
-3.730737e+00 -8.302071e+00
-3.722052e+00 -8.267635e+00
-3.713366e+00 -8.233198e+00
-3.704679e+00 -8.198758e+00
-3.695994e+00 -8.164324e+00
-3.687309e+00 -8.129889e+00
-3.678621e+00 -8.095449e+00
-3.669935e+00 -8.061015e+00
-3.661251e+00 -8.026585e+00
-3.652565e+00 -7.992151e+00
-3.643878e+00 -7.957718e+00
-3.635192e+00 -7.923285e+00
-3.626507e+00 -7.888856e+00
-3.617821e+00 -7.854426e+00
-3.609136e+00 -7.820000e+00
-3.600449e+00 -7.785569e+00
-3.591763e+00 -7.751145e+00
-3.583077e+00 -7.716716e+00
-3.574391e+00 -7.682289e+00
-3.565706e+00 -7.647868e+00
-3.557020e+00 -7.613448e+00
-3.548333e+00 -7.579024e+00
-3.539648e+00 -7.544603e+00
-3.530962e+00 -7.510186e+00
-3.522275e+00 -7.475765e+00
-3.513591e+00 -7.441354e+00
-3.504904e+00 -7.406936e+00
-3.496219e+00 -7.372524e+00
-3.487533e+00 -7.338111e+00
-3.478846e+00 -7.303700e+00
-3.470160e+00 -7.269292e+00
-3.461475e+00 -7.234887e+00
-3.452789e+00 -7.200482e+00
-3.444103e+00 -7.166077e+00
-3.435417e+00 -7.131673e+00
-3.426731e+00 -7.097275e+00
-3.418046e+00 -7.062879e+00
-3.409360e+00 -7.028483e+00
-3.400674e+00 -6.994088e+00
-3.391988e+00 -6.959697e+00
-3.383302e+00 -6.925308e+00
-3.374616e+00 -6.890922e+00
-3.365930e+00 -6.856537e+00
-3.357244e+00 -6.822156e+00
-3.348558e+00 -6.787778e+00
-3.339873e+00 -6.753403e+00
-3.331187e+00 -6.719030e+00
-3.322501e+00 -6.684658e+00
-3.313814e+00 -6.650290e+00
-3.305129e+00 -6.615928e+00
-3.296443e+00 -6.581568e+00
-3.287757e+00 -6.547208e+00
-3.279071e+00 -6.512855e+00
-3.270385e+00 -6.478504e+00
-3.261699e+00 -6.444158e+00
-3.253013e+00 -6.409815e+00
-3.244328e+00 -6.375476e+00
-3.235642e+00 -6.341139e+00
-3.226956e+00 -6.306808e+00
-3.218270e+00 -6.272481e+00
-3.209584e+00 -6.238159e+00
-3.200898e+00 -6.203841e+00
-3.192212e+00 -6.169527e+00
-3.183527e+00 -6.135221e+00
-3.174841e+00 -6.100918e+00
-3.166154e+00 -6.066617e+00
-3.157469e+00 -6.032324e+00
-3.148783e+00 -5.998036e+00
-3.140097e+00 -5.963755e+00
-3.131411e+00 -5.929478e+00
-3.122725e+00 -5.895209e+00
-3.114039e+00 -5.860943e+00
-3.105353e+00 -5.826685e+00
-3.096667e+00 -5.792433e+00
-3.087982e+00 -5.758187e+00
-3.079296e+00 -5.723948e+00
-3.070610e+00 -5.689716e+00
-3.061924e+00 -5.655491e+00
-3.053238e+00 -5.621273e+00
-3.044552e+00 -5.587065e+00
-3.035866e+00 -5.552863e+00
-3.027180e+00 -5.518669e+00
-3.018494e+00 -5.484483e+00
-3.009809e+00 -5.450306e+00
-3.001123e+00 -5.416138e+00
-2.992436e+00 -5.381974e+00
-2.983752e+00 -5.347831e+00
-2.975063e+00 -5.313680e+00
-2.966379e+00 -5.279554e+00
-2.957692e+00 -5.245429e+00
-2.949006e+00 -5.211316e+00
-2.940323e+00 -5.177223e+00
-2.931636e+00 -5.143129e+00
-2.922948e+00 -5.109044e+00
-2.914264e+00 -5.074979e+00
-2.905578e+00 -5.040923e+00
-2.896891e+00 -5.006875e+00
-2.888207e+00 -4.972848e+00
-2.879521e+00 -4.938830e+00
-2.870836e+00 -4.904823e+00
-2.862149e+00 -4.870829e+00
-2.853463e+00 -4.836847e+00
-2.844776e+00 -4.802880e+00
-2.836091e+00 -4.768928e+00
-2.827406e+00 -4.734994e+00
-2.818720e+00 -4.701070e+00
-2.810033e+00 -4.667160e+00
-2.801348e+00 -4.633273e+00
-2.792662e+00 -4.599397e+00
-2.783977e+00 -4.565540e+00
-2.775291e+00 -4.531699e+00
-2.766603e+00 -4.497868e+00
-2.757918e+00 -4.464067e+00
-2.749231e+00 -4.430275e+00
-2.740547e+00 -4.396512e+00
-2.731860e+00 -4.362758e+00
-2.723175e+00 -4.329032e+00
-2.714488e+00 -4.295317e+00
-2.705803e+00 -4.261631e+00
-2.697117e+00 -4.227964e+00
-2.688430e+00 -4.194315e+00
-2.679746e+00 -4.160693e+00
-2.671058e+00 -4.127086e+00
-2.662373e+00 -4.093509e+00
-2.653688e+00 -4.059957e+00
-2.645001e+00 -4.026421e+00
-2.636315e+00 -3.992913e+00
-2.627629e+00 -3.959433e+00
-2.618945e+00 -3.925980e+00
-2.610258e+00 -3.892550e+00
-2.601572e+00 -3.859146e+00
-2.592886e+00 -3.825771e+00
-2.584201e+00 -3.792425e+00
-2.575514e+00 -3.759103e+00
-2.566829e+00 -3.725817e+00
-2.558143e+00 -3.692558e+00
-2.549457e+00 -3.659328e+00
-2.540770e+00 -3.626128e+00
-2.532084e+00 -3.592960e+00
-2.523399e+00 -3.559828e+00
-2.514713e+00 -3.526726e+00
-2.506026e+00 -3.493655e+00
-2.497341e+00 -3.460622e+00
-2.488655e+00 -3.427625e+00
-2.479969e+00 -3.394657e+00
-2.471284e+00 -3.361731e+00
-2.462598e+00 -3.328844e+00
-2.453912e+00 -3.295987e+00
-2.445226e+00 -3.263175e+00
-2.436540e+00 -3.230400e+00
-2.427854e+00 -3.197664e+00
-2.419169e+00 -3.164971e+00
-2.410483e+00 -3.132317e+00
-2.401796e+00 -3.099705e+00
-2.393110e+00 -3.067135e+00
-2.384424e+00 -3.034612e+00
-2.375739e+00 -3.002131e+00
-2.367053e+00 -2.969694e+00
-2.358367e+00 -2.937305e+00
-2.349681e+00 -2.904960e+00
-2.340995e+00 -2.872668e+00
-2.332309e+00 -2.840420e+00
-2.323624e+00 -2.808226e+00
-2.314938e+00 -2.776077e+00
-2.306252e+00 -2.743984e+00
-2.297566e+00 -2.711939e+00
-2.288880e+00 -2.679948e+00
-2.280194e+00 -2.648015e+00
-2.271508e+00 -2.616134e+00
-2.262822e+00 -2.584309e+00
-2.254136e+00 -2.552540e+00
-2.245451e+00 -2.520833e+00
-2.236764e+00 -2.489185e+00
-2.228078e+00 -2.457583e+00
-2.219393e+00 -2.426048e+00
-2.210707e+00 -2.394585e+00
-2.202021e+00 -2.363186e+00
-2.193335e+00 -2.331851e+00
-2.184649e+00 -2.300584e+00
-2.175963e+00 -2.269382e+00
-2.167277e+00 -2.238250e+00
-2.158592e+00 -2.207190e+00
-2.149905e+00 -2.176199e+00
-2.141220e+00 -2.145286e+00
-2.132534e+00 -2.114442e+00
-2.123848e+00 -2.083675e+00
-2.115162e+00 -2.052991e+00
-2.106476e+00 -2.022391e+00
-2.097790e+00 -1.991866e+00
-2.089104e+00 -1.961417e+00
-2.080418e+00 -1.931055e+00
-2.071732e+00 -1.900777e+00
-2.063047e+00 -1.870588e+00
-2.054361e+00 -1.840486e+00
-2.045675e+00 -1.810476e+00
-2.036989e+00 -1.780557e+00
-2.028303e+00 -1.750731e+00
-2.019617e+00 -1.720999e+00
-2.010931e+00 -1.691367e+00
-2.002245e+00 -1.661837e+00
-1.993560e+00 -1.632409e+00
-1.984875e+00 -1.603090e+00
-1.976188e+00 -1.573870e+00
-1.967502e+00 -1.544762e+00
-1.958817e+00 -1.515767e+00
-1.950131e+00 -1.486886e+00
-1.941445e+00 -1.458121e+00
-1.932758e+00 -1.429472e+00
-1.924074e+00 -1.400954e+00
-1.915388e+00 -1.372555e+00
-1.906701e+00 -1.344280e+00
-1.898016e+00 -1.316141e+00
-1.889329e+00 -1.288130e+00
-1.880642e+00 -1.260253e+00
-1.871956e+00 -1.232520e+00
-1.863270e+00 -1.204928e+00
-1.854586e+00 -1.177491e+00
-1.845899e+00 -1.150191e+00
-1.837215e+00 -1.123054e+00
-1.828528e+00 -1.096065e+00
-1.819843e+00 -1.069241e+00
-1.811156e+00 -1.042577e+00
-1.802471e+00 -1.016085e+00
-1.793784e+00 -9.897577e-01
-1.785098e+00 -9.636072e-01
-1.776413e+00 -9.376395e-01
-1.767726e+00 -9.118469e-01
-1.759042e+00 -8.862515e-01
-1.750354e+00 -8.608358e-01
-1.741669e+00 -8.356238e-01
-1.732983e+00 -8.106069e-01
-1.724297e+00 -7.857936e-01
-1.715612e+00 -7.611908e-01
-1.706925e+00 -7.367923e-01
-1.698239e+00 -7.126112e-01
-1.689553e+00 -6.886508e-01
-1.680867e+00 -6.649138e-01
-1.672181e+00 -6.414041e-01
-1.663496e+00 -6.181254e-01
-1.654811e+00 -5.950805e-01
-1.646124e+00 -5.722690e-01
-1.637438e+00 -5.496988e-01
-1.628753e+00 -5.273725e-01
-1.620066e+00 -5.052862e-01
-1.611380e+00 -4.834528e-01
-1.602695e+00 -4.618656e-01
-1.594009e+00 -4.405279e-01
-1.585322e+00 -4.194394e-01
-1.576636e+00 -3.986006e-01
-1.567952e+00 -3.780169e-01
-1.559266e+00 -3.576755e-01
-1.550579e+00 -3.375759e-01
-1.541893e+00 -3.177223e-01
-1.533208e+00 -2.981078e-01
-1.524522e+00 -2.787231e-01
-1.515835e+00 -2.595614e-01
-1.507150e+00 -2.406221e-01
-1.498464e+00 -2.218891e-01
-1.489778e+00 -2.033522e-01
-1.481093e+00 -1.850026e-01
-1.472406e+00 -1.668230e-01
-1.463721e+00 -1.488044e-01
-1.455035e+00 -1.309205e-01
-1.446349e+00 -1.131531e-01
-1.437662e+00 -9.550446e-02
-1.428976e+00 -7.799343e-02
-1.420291e+00 -6.059081e-02
-1.411605e+00 -4.325229e-02
-1.402919e+00 -2.593000e-02
-1.394233e+00 -8.589403e-03
-1.385547e+00 8.796860e-03
-1.376861e+00 2.625570e-02
-1.368176e+00 4.382201e-02
-1.359490e+00 6.152314e-02
-1.350803e+00 7.938473e-02
-1.342117e+00 9.742083e-02
-1.333432e+00 1.156493e-01
-1.324746e+00 1.340832e-01
-1.316060e+00 1.527277e-01
-1.307374e+00 1.715825e-01
-1.298689e+00 1.906430e-01
-1.290003e+00 2.099031e-01
-1.281316e+00 2.293472e-01
-1.272630e+00 2.489564e-01
-1.263945e+00 2.687240e-01
-1.255259e+00 2.886258e-01
-1.246573e+00 3.085784e-01
-1.237887e+00 3.286417e-01
-1.229202e+00 3.490197e-01
-1.220515e+00 3.695432e-01
-1.211830e+00 3.898952e-01
-1.203143e+00 4.099603e-01
-1.194458e+00 4.298266e-01
-1.185772e+00 4.495187e-01
-1.177086e+00 4.689038e-01
-1.168400e+00 4.878540e-01
-1.159714e+00 5.062913e-01
-1.151028e+00 5.241378e-01
-1.142343e+00 5.413139e-01
-1.133657e+00 5.577519e-01
-1.124971e+00 5.734034e-01
-1.116285e+00 5.882390e-01
-1.107599e+00 6.022523e-01
-1.098913e+00 6.154572e-01
-1.090227e+00 6.278926e-01
-1.081541e+00 6.396149e-01
-1.072855e+00 6.507035e-01
-1.064169e+00 6.612466e-01
-1.055484e+00 6.713517e-01
-1.046798e+00 6.811415e-01
-1.038112e+00 6.907518e-01
-1.029426e+00 7.003356e-01
-1.020740e+00 7.100632e-01
-1.012054e+00 7.201207e-01
-1.003368e+00 7.307011e-01
-9.946822e-01 7.419932e-01
-9.859964e-01 7.541654e-01
-9.773119e-01 7.673461e-01
-9.686239e-01 7.816306e-01
-9.599399e-01 7.970120e-01
-9.512514e-01 8.134558e-01
-9.425659e-01 8.308106e-01
-9.338792e-01 8.488857e-01
-9.251945e-01 8.674049e-01
-9.165081e-01 8.860579e-01
-9.078234e-01 9.044728e-01
-8.991368e-01 9.222785e-01
-8.904518e-01 9.390981e-01
-8.817650e-01 9.546250e-01
-8.730800e-01 9.686191e-01
-8.643935e-01 9.809769e-01
-8.557092e-01 9.916950e-01
-8.470210e-01 1.000907e+00
-8.383356e-01 1.008800e+00
-8.296503e-01 1.015661e+00
-8.209655e-01 1.021843e+00
-8.122791e-01 1.027795e+00
-8.035917e-01 1.034055e+00
-7.949067e-01 1.041204e+00
-7.862220e-01 1.049798e+00
-7.775359e-01 1.060228e+00
-7.688491e-01 1.072615e+00
-7.601627e-01 1.086773e+00
-7.514775e-01 1.102289e+00
-7.427920e-01 1.118622e+00
-7.341049e-01 1.135163e+00
-7.254196e-01 1.151249e+00
-7.167327e-01 1.166236e+00
-7.080476e-01 1.179526e+00
-6.993610e-01 1.190749e+00
-6.906765e-01 1.199833e+00
-6.819910e-01 1.207062e+00
-6.733037e-01 1.213001e+00
-6.646183e-01 1.218375e+00
-6.559321e-01 1.224021e+00
-6.472465e-01 1.230758e+00
-6.385612e-01 1.239297e+00
-6.298757e-01 1.249836e+00
-6.211898e-01 1.262286e+00
-6.125034e-01 1.275955e+00
-6.038181e-01 1.289973e+00
-5.951321e-01 1.303431e+00
-5.864454e-01 1.315506e+00
-5.777599e-01 1.325753e+00
-5.690740e-01 1.334029e+00
-5.603879e-01 1.340827e+00
-5.517019e-01 1.346870e+00
-5.430164e-01 1.353154e+00
-5.343302e-01 1.360543e+00
-5.256439e-01 1.369447e+00
-5.169579e-01 1.379900e+00
-5.082728e-01 1.391289e+00
-4.995865e-01 1.402848e+00
-4.909010e-01 1.413652e+00
-4.822144e-01 1.423099e+00
-4.735289e-01 1.431123e+00
-4.648426e-01 1.438084e+00
-4.561566e-01 1.444872e+00
-4.474717e-01 1.452214e+00
-4.387853e-01 1.460562e+00
-4.300996e-01 1.469889e+00
-4.214135e-01 1.479651e+00
-4.127280e-01 1.489239e+00
-4.040422e-01 1.498048e+00
-3.953561e-01 1.505932e+00
-3.866699e-01 1.513217e+00
-3.779840e-01 1.520401e+00
-3.692986e-01 1.528086e+00
-3.606121e-01 1.536384e+00
-3.519270e-01 1.544983e+00
-3.432408e-01 1.553492e+00
-3.345550e-01 1.561492e+00
-3.258685e-01 1.569003e+00
-3.171828e-01 1.576315e+00
-3.084968e-01 1.583712e+00
-2.998113e-01 1.591419e+00
-2.911255e-01 1.599305e+00
-2.824393e-01 1.607069e+00
-2.737530e-01 1.614593e+00
-2.650674e-01 1.621867e+00
-2.563813e-01 1.629062e+00
-2.476957e-01 1.636376e+00
-2.390101e-01 1.643764e+00
-2.303244e-01 1.651096e+00
-2.216382e-01 1.658311e+00
-2.129521e-01 1.665384e+00
-2.042666e-01 1.672404e+00
-1.955804e-01 1.679457e+00
-1.868943e-01 1.686514e+00
-1.782088e-01 1.693515e+00
-1.695230e-01 1.700453e+00
-1.608369e-01 1.707336e+00
-1.521511e-01 1.714161e+00
-1.434650e-01 1.720929e+00
-1.347793e-01 1.727649e+00
-1.260932e-01 1.734319e+00
-1.174077e-01 1.740943e+00
-1.087213e-01 1.747521e+00
-1.000357e-01 1.754062e+00
-9.134987e-02 1.760559e+00
-8.266415e-02 1.767019e+00
-7.397773e-02 1.773448e+00
-6.529203e-02 1.779837e+00
-5.660591e-02 1.786189e+00
-4.792035e-02 1.792503e+00
-3.923440e-02 1.798780e+00
-3.054867e-02 1.805019e+00
-2.186241e-02 1.811222e+00
-1.317678e-02 1.817385e+00
-4.490725e-03 1.823510e+00
4.196657e-03 1.829602e+00
1.287939e-02 1.835641e+00
2.156552e-02 1.841651e+00
3.025150e-02 1.847624e+00
3.893792e-02 1.853561e+00
4.762528e-02 1.859463e+00
5.631015e-02 1.865322e+00
6.499678e-02 1.871151e+00
7.368170e-02 1.876938e+00
8.236882e-02 1.882698e+00
9.105465e-02 1.888419e+00
9.973933e-02 1.894103e+00
1.084263e-01 1.899762e+00
1.171121e-01 1.905382e+00
1.257967e-01 1.910968e+00
1.344831e-01 1.916524e+00
1.431679e-01 1.922045e+00
1.518538e-01 1.927538e+00
1.605406e-01 1.933000e+00
1.692276e-01 1.938432e+00
1.779115e-01 1.943823e+00
1.865976e-01 1.949189e+00
1.952851e-01 1.954529e+00
2.039707e-01 1.959833e+00
2.126563e-01 1.965107e+00
2.213412e-01 1.970350e+00
2.300272e-01 1.975565e+00
2.387133e-01 1.980750e+00
2.473987e-01 1.985906e+00
2.560848e-01 1.991033e+00
2.647706e-01 1.996132e+00
2.734573e-01 2.001203e+00
2.821438e-01 2.006248e+00
2.908290e-01 2.011260e+00
2.995160e-01 2.016250e+00
3.082015e-01 2.021209e+00
3.168862e-01 2.026136e+00
3.255731e-01 2.031045e+00
3.342587e-01 2.035922e+00
3.429455e-01 2.040775e+00
3.516301e-01 2.045596e+00
3.603169e-01 2.050398e+00
3.690024e-01 2.055171e+00
3.776886e-01 2.059920e+00
3.863741e-01 2.064641e+00
3.950607e-01 2.069341e+00
4.037466e-01 2.074014e+00
4.124320e-01 2.078660e+00
4.211184e-01 2.083285e+00
4.298039e-01 2.087884e+00
4.384886e-01 2.092454e+00
4.471751e-01 2.097008e+00
4.558616e-01 2.101537e+00
4.645477e-01 2.106042e+00
4.732329e-01 2.110520e+00
4.819182e-01 2.114977e+00
4.906045e-01 2.119413e+00
4.992911e-01 2.123826e+00
5.079772e-01 2.128216e+00
5.166623e-01 2.132581e+00
5.253481e-01 2.136926e+00
5.340337e-01 2.141248e+00
5.427209e-01 2.145553e+00
5.514061e-01 2.149831e+00
5.600920e-01 2.154088e+00
5.687777e-01 2.158325e+00
5.774642e-01 2.162542e+00
5.861494e-01 2.166734e+00
5.948355e-01 2.170909e+00
6.035211e-01 2.175062e+00
6.122072e-01 2.179194e+00
6.208925e-01 2.183306e+00
6.295788e-01 2.187400e+00
6.382646e-01 2.191471e+00
6.469504e-01 2.195525e+00
6.556368e-01 2.199558e+00
6.643222e-01 2.203571e+00
6.730089e-01 2.207567e+00
6.816943e-01 2.211540e+00
6.903804e-01 2.215497e+00
6.990664e-01 2.219435e+00
7.077524e-01 2.223352e+00
7.164383e-01 2.227253e+00
7.251240e-01 2.231132e+00
7.338093e-01 2.234993e+00
7.424958e-01 2.238842e+00
7.511813e-01 2.242666e+00
7.598672e-01 2.246475e+00
7.685530e-01 2.250266e+00
7.772390e-01 2.254039e+00
7.859246e-01 2.257794e+00
7.946107e-01 2.261533e+00
8.032966e-01 2.265255e+00
8.119830e-01 2.268960e+00
8.206684e-01 2.272645e+00
8.293546e-01 2.276317e+00
8.380402e-01 2.279970e+00
8.467261e-01 2.283606e+00
8.554119e-01 2.287227e+00
8.640979e-01 2.290832e+00
8.727837e-01 2.294420e+00
8.814697e-01 2.297992e+00
8.901554e-01 2.301548e+00
8.988414e-01 2.305088e+00
9.075280e-01 2.308614e+00
9.162133e-01 2.312121e+00
9.248993e-01 2.315614e+00
9.335850e-01 2.319091e+00
9.422710e-01 2.322554e+00
9.509570e-01 2.326002e+00
9.596428e-01 2.329433e+00
9.683288e-01 2.332851e+00
9.770149e-01 2.336253e+00
9.857003e-01 2.339639e+00
9.943867e-01 2.343013e+00
1.003073e+00 2.346371e+00
1.011756e+00 2.349708e+00
1.020444e+00 2.353043e+00
1.029132e+00 2.356362e+00
1.037817e+00 2.359661e+00
1.046503e+00 2.362948e+00
1.055187e+00 2.366215e+00
1.063874e+00 2.369474e+00
1.072559e+00 2.372717e+00
1.081246e+00 2.375954e+00
1.089930e+00 2.379162e+00
1.098616e+00 2.382368e+00
1.107302e+00 2.385557e+00
1.115990e+00 2.388742e+00
1.124674e+00 2.391897e+00
1.133360e+00 2.395051e+00
1.142048e+00 2.398195e+00
1.150732e+00 2.401312e+00
1.159420e+00 2.404429e+00
1.168105e+00 2.407527e+00
1.176791e+00 2.410612e+00
1.185477e+00 2.413684e+00
1.194162e+00 2.416741e+00
1.202848e+00 2.419789e+00
1.211534e+00 2.422825e+00
1.220221e+00 2.425849e+00
1.228906e+00 2.428856e+00
1.237591e+00 2.431854e+00
1.246277e+00 2.434838e+00
1.254964e+00 2.437813e+00
1.263648e+00 2.440770e+00
1.272334e+00 2.443719e+00
1.281020e+00 2.446656e+00
1.289707e+00 2.449587e+00
1.298392e+00 2.452498e+00
1.307079e+00 2.455400e+00
1.315765e+00 2.458291e+00
1.324449e+00 2.461164e+00
1.333137e+00 2.464037e+00
1.341822e+00 2.466890e+00
1.350508e+00 2.469733e+00
1.359194e+00 2.472566e+00
1.367879e+00 2.475386e+00
1.376566e+00 2.478198e+00
1.385252e+00 2.480995e+00
1.393938e+00 2.483784e+00
1.402622e+00 2.486552e+00
1.411310e+00 2.489323e+00
1.419995e+00 2.492075e+00
1.428681e+00 2.494813e+00
1.437367e+00 2.497546e+00
1.446052e+00 2.500264e+00
1.454738e+00 2.502975e+00
1.463424e+00 2.505673e+00
1.472110e+00 2.508358e+00
1.480796e+00 2.511033e+00
1.489482e+00 2.513702e+00
1.498169e+00 2.516356e+00
1.506854e+00 2.518999e+00
1.515540e+00 2.521633e+00
1.524226e+00 2.524255e+00
1.532911e+00 2.526863e+00
1.541597e+00 2.529463e+00
1.550283e+00 2.532055e+00
1.558969e+00 2.534633e+00
1.567656e+00 2.537204e+00
1.576341e+00 2.539760e+00
1.585027e+00 2.542307e+00
1.593714e+00 2.544844e+00
1.602399e+00 2.547367e+00
1.611085e+00 2.549882e+00
1.619770e+00 2.552385e+00
1.628456e+00 2.554878e+00
1.637142e+00 2.557360e+00
1.645828e+00 2.559830e+00
1.654513e+00 2.562290e+00
1.663200e+00 2.564743e+00
1.671885e+00 2.567179e+00
1.680572e+00 2.569609e+00
1.689257e+00 2.572024e+00
1.697944e+00 2.574432e+00
1.706629e+00 2.576824e+00
1.715315e+00 2.579209e+00
1.724001e+00 2.581582e+00
1.732687e+00 2.583943e+00
1.741373e+00 2.586292e+00
1.750058e+00 2.588630e+00
1.758745e+00 2.590958e+00
1.767430e+00 2.593274e+00
1.776116e+00 2.595577e+00
1.784803e+00 2.597870e+00
1.793489e+00 2.600153e+00
1.802174e+00 2.602419e+00
1.810860e+00 2.604675e+00
1.819546e+00 2.606919e+00
1.828232e+00 2.609151e+00
1.836918e+00 2.611371e+00
1.845604e+00 2.613580e+00
1.854290e+00 2.615774e+00
1.862975e+00 2.617956e+00
1.871661e+00 2.620125e+00
1.880347e+00 2.622282e+00
1.889033e+00 2.624425e+00
1.897719e+00 2.626553e+00
1.906405e+00 2.628668e+00
1.915091e+00 2.630772e+00
1.923776e+00 2.632858e+00
1.932463e+00 2.634931e+00
1.941148e+00 2.636989e+00
1.949834e+00 2.639034e+00
1.958520e+00 2.641062e+00
1.967206e+00 2.643078e+00
1.975892e+00 2.645074e+00
1.984578e+00 2.647056e+00
1.993263e+00 2.649021e+00
2.001950e+00 2.650973e+00
2.010635e+00 2.652903e+00
2.019320e+00 2.654816e+00
2.028006e+00 2.656713e+00
2.036693e+00 2.658598e+00
2.045378e+00 2.660457e+00
2.054065e+00 2.662304e+00
2.062751e+00 2.664129e+00
2.071436e+00 2.665933e+00
2.080121e+00 2.667713e+00
2.088809e+00 2.669485e+00
2.097493e+00 2.671223e+00
2.106181e+00 2.672948e+00
2.114868e+00 2.674654e+00
2.123551e+00 2.676323e+00
2.132237e+00 2.677979e+00
2.140923e+00 2.679608e+00
2.149610e+00 2.681222e+00
2.158296e+00 2.682805e+00
2.166980e+00 2.684356e+00
2.175668e+00 2.685892e+00
2.184354e+00 2.687394e+00
2.193038e+00 2.688869e+00
2.201725e+00 2.690319e+00
2.210409e+00 2.691734e+00
2.219097e+00 2.693129e+00
2.227784e+00 2.694495e+00
2.236469e+00 2.695821e+00
2.245155e+00 2.697116e+00
2.253839e+00 2.698376e+00
2.262527e+00 2.699611e+00
2.271212e+00 2.700803e+00
2.279897e+00 2.701961e+00
2.288585e+00 2.703088e+00
2.297270e+00 2.704172e+00
2.305955e+00 2.705216e+00
2.314642e+00 2.706228e+00
2.323326e+00 2.707189e+00
2.332014e+00 2.708120e+00
2.340700e+00 2.709003e+00
2.349384e+00 2.709838e+00
2.358070e+00 2.710632e+00
2.366757e+00 2.711384e+00
2.375442e+00 2.712083e+00
2.384129e+00 2.712739e+00
2.392815e+00 2.713342e+00
2.401500e+00 2.713895e+00
2.410187e+00 2.714398e+00
2.418873e+00 2.714848e+00
2.427558e+00 2.715239e+00
2.436244e+00 2.715581e+00
2.444930e+00 2.715866e+00
2.453616e+00 2.716096e+00
2.462302e+00 2.716266e+00
2.470988e+00 2.716376e+00
2.479673e+00 2.716422e+00
2.488359e+00 2.716411e+00
2.497046e+00 2.716338e+00
2.505730e+00 2.716197e+00
2.514418e+00 2.715999e+00
2.523102e+00 2.715727e+00
2.531789e+00 2.715395e+00
2.540475e+00 2.714996e+00
2.549160e+00 2.714529e+00
2.557846e+00 2.713999e+00
2.566533e+00 2.713401e+00
2.575218e+00 2.712728e+00
2.583905e+00 2.711993e+00
2.592590e+00 2.711185e+00
2.601276e+00 2.710312e+00
2.609961e+00 2.709363e+00
2.618647e+00 2.708351e+00
2.627333e+00 2.707270e+00
2.636019e+00 2.706124e+00
2.644705e+00 2.704912e+00
2.653391e+00 2.703636e+00
2.662077e+00 2.702296e+00
2.670763e+00 2.700897e+00
2.679449e+00 2.699433e+00
2.688135e+00 2.697911e+00
2.696821e+00 2.696329e+00
2.705506e+00 2.694688e+00
2.714193e+00 2.692998e+00
2.722878e+00 2.691252e+00
2.731565e+00 2.689462e+00
2.740250e+00 2.687623e+00
2.748937e+00 2.685747e+00
2.757622e+00 2.683829e+00
2.766308e+00 2.681877e+00
2.774993e+00 2.679889e+00
2.783680e+00 2.677877e+00
2.792365e+00 2.675833e+00
2.801052e+00 2.673768e+00
2.809737e+00 2.671682e+00
2.818423e+00 2.669578e+00
2.827109e+00 2.667460e+00
2.835795e+00 2.665332e+00
2.844481e+00 2.663191e+00
2.853167e+00 2.661048e+00
2.861853e+00 2.658902e+00
2.870539e+00 2.656758e+00
2.879224e+00 2.654615e+00
2.887910e+00 2.652482e+00
2.896596e+00 2.650355e+00
2.905282e+00 2.648236e+00
2.913968e+00 2.646126e+00
2.922654e+00 2.644024e+00
2.931340e+00 2.641929e+00
2.940026e+00 2.639841e+00
2.948712e+00 2.637761e+00
2.957398e+00 2.635689e+00
2.966083e+00 2.633621e+00
2.974769e+00 2.631563e+00
2.983455e+00 2.629512e+00
2.992142e+00 2.627468e+00
3.000829e+00 2.625434e+00
3.009515e+00 2.623406e+00
3.018197e+00 2.621374e+00
3.026884e+00 2.619368e+00
3.035570e+00 2.617364e+00
3.044257e+00 2.615379e+00
3.052944e+00 2.613399e+00
3.061630e+00 2.611429e+00
3.070315e+00 2.609470e+00
3.079000e+00 2.607521e+00
3.087686e+00 2.605588e+00
3.096371e+00 2.603667e+00
3.105057e+00 2.601762e+00
3.113743e+00 2.599871e+00
3.122429e+00 2.597996e+00
3.131115e+00 2.596138e+00
3.139800e+00 2.594295e+00
3.148485e+00 2.592468e+00
3.157173e+00 2.590665e+00
3.165858e+00 2.588876e+00
3.174545e+00 2.587112e+00
3.183230e+00 2.585360e+00
3.191917e+00 2.583637e+00
3.200602e+00 2.581920e+00
3.209290e+00 2.580238e+00
3.217973e+00 2.578562e+00
3.226659e+00 2.576914e+00
3.235347e+00 2.575290e+00
3.244032e+00 2.573681e+00
3.252717e+00 2.572091e+00
3.261403e+00 2.570525e+00
3.270089e+00 2.568979e+00
3.278776e+00 2.567457e+00
3.287461e+00 2.565950e+00
3.296147e+00 2.564466e+00
3.304833e+00 2.563004e+00
3.313519e+00 2.561565e+00
3.322205e+00 2.560145e+00
3.330890e+00 2.558748e+00
3.339577e+00 2.557375e+00
3.348262e+00 2.556022e+00
3.356949e+00 2.554696e+00
3.365634e+00 2.553389e+00
3.374319e+00 2.552104e+00
3.383007e+00 2.550852e+00
3.391692e+00 2.549613e+00
3.400377e+00 2.548400e+00
3.409064e+00 2.547215e+00
3.417749e+00 2.546048e+00
3.426436e+00 2.544915e+00
3.435121e+00 2.543796e+00
3.443807e+00 2.542705e+00
3.452493e+00 2.541640e+00
3.461179e+00 2.540597e+00
3.469865e+00 2.539584e+00
3.478551e+00 2.538593e+00
3.487237e+00 2.537628e+00
3.495923e+00 2.536688e+00
3.504608e+00 2.535770e+00
3.513294e+00 2.534881e+00
3.521980e+00 2.534018e+00
3.530666e+00 2.533182e+00
3.539352e+00 2.532372e+00
3.548038e+00 2.531586e+00
3.556723e+00 2.530826e+00
3.565410e+00 2.530095e+00
3.574096e+00 2.529390e+00
3.582781e+00 2.528707e+00
3.591468e+00 2.528055e+00
3.600154e+00 2.527428e+00
3.608839e+00 2.526826e+00
3.617525e+00 2.526250e+00
3.626211e+00 2.525703e+00
3.634897e+00 2.525182e+00
3.643583e+00 2.524686e+00
3.652269e+00 2.524216e+00
3.660955e+00 2.523774e+00
3.669640e+00 2.523357e+00
3.678326e+00 2.522966e+00
3.687011e+00 2.522600e+00
3.695698e+00 2.522264e+00
3.704384e+00 2.521953e+00
3.713070e+00 2.521667e+00
3.721755e+00 2.521405e+00
3.730441e+00 2.521170e+00
3.739128e+00 2.520961e+00
3.747813e+00 2.520776e+00
3.756499e+00 2.520617e+00
3.765185e+00 2.520484e+00
3.773871e+00 2.520378e+00
3.782557e+00 2.520295e+00
3.791243e+00 2.520237e+00
3.799928e+00 2.520197e+00
3.808615e+00 2.520189e+00
3.817301e+00 2.520204e+00
3.825987e+00 2.520240e+00
3.834672e+00 2.520296e+00
3.843358e+00 2.520380e+00
3.852044e+00 2.520488e+00
3.860730e+00 2.520617e+00
3.869415e+00 2.520766e+00
3.878102e+00 2.520941e+00
3.886788e+00 2.521137e+00
3.895474e+00 2.521355e+00
3.904159e+00 2.521591e+00
3.912845e+00 2.521849e+00
3.921531e+00 2.522130e+00
3.930217e+00 2.522430e+00
3.938903e+00 2.522748e+00
3.947589e+00 2.523088e+00
3.956275e+00 2.523447e+00
3.964961e+00 2.523826e+00
3.973646e+00 2.524220e+00
3.982332e+00 2.524636e+00
3.991018e+00 2.525069e+00
3.999705e+00 2.525522e+00
4.008391e+00 2.525993e+00
4.017075e+00 2.526471e+00
4.025760e+00 2.526971e+00
4.034448e+00 2.527493e+00
4.043134e+00 2.528028e+00
4.051820e+00 2.528578e+00
4.060505e+00 2.529142e+00
4.069191e+00 2.529721e+00
4.077876e+00 2.530314e+00
4.086563e+00 2.530925e+00
4.095250e+00 2.531550e+00
4.103934e+00 2.532181e+00
4.112622e+00 2.532837e+00
4.121307e+00 2.533496e+00
4.129993e+00 2.534169e+00
4.138678e+00 2.534855e+00
4.147364e+00 2.535552e+00
4.156049e+00 2.536255e+00
4.164736e+00 2.536982e+00
4.173422e+00 2.537713e+00
4.182109e+00 2.538459e+00
4.190794e+00 2.539209e+00
4.199478e+00 2.539970e+00
4.208164e+00 2.540747e+00
4.216852e+00 2.541538e+00
4.225537e+00 2.542332e+00
4.234224e+00 2.543143e+00
4.242909e+00 2.543959e+00
4.251594e+00 2.544783e+00
4.260281e+00 2.545621e+00
4.268966e+00 2.546458e+00
4.277653e+00 2.547306e+00
4.286340e+00 2.548161e+00
4.295026e+00 2.549018e+00
4.303710e+00 2.549871e+00
4.312395e+00 2.550729e+00
4.321082e+00 2.551594e+00
