-6.000000e+00 -1.730295e+01
-5.000000e+00 -1.333691e+01
-4.000000e+00 -9.370876e+00
-3.995910e+00 -9.354655e+00
-3.991820e+00 -9.338433e+00
-3.987730e+00 -9.322212e+00
-3.983640e+00 -9.305991e+00
-3.979550e+00 -9.289769e+00
-3.975459e+00 -9.273548e+00
-3.971369e+00 -9.257327e+00
-3.967279e+00 -9.241106e+00
-3.963189e+00 -9.224885e+00
-3.959099e+00 -9.208664e+00
-3.955009e+00 -9.192443e+00
-3.950919e+00 -9.176222e+00
-3.946829e+00 -9.160001e+00
-3.942739e+00 -9.143780e+00
-3.938649e+00 -9.127559e+00
-3.934559e+00 -9.111338e+00
-3.930468e+00 -9.095118e+00
-3.926378e+00 -9.078897e+00
-3.922288e+00 -9.062676e+00
-3.918198e+00 -9.046456e+00
-3.914108e+00 -9.030235e+00
-3.910018e+00 -9.014015e+00
-3.905928e+00 -8.997795e+00
-3.901838e+00 -8.981574e+00
-3.897748e+00 -8.965354e+00
-3.893658e+00 -8.949134e+00
-3.889568e+00 -8.932914e+00
-3.885477e+00 -8.916694e+00
-3.881387e+00 -8.900474e+00
-3.877297e+00 -8.884254e+00
-3.873207e+00 -8.868034e+00
-3.869117e+00 -8.851814e+00
-3.865027e+00 -8.835594e+00
-3.860937e+00 -8.819374e+00
-3.856847e+00 -8.803155e+00
-3.852757e+00 -8.786935e+00
-3.848667e+00 -8.770716e+00
-3.844577e+00 -8.754496e+00
-3.840486e+00 -8.738277e+00
-3.836396e+00 -8.722058e+00
-3.832306e+00 -8.705838e+00
-3.828216e+00 -8.689619e+00
-3.824126e+00 -8.673400e+00
-3.820036e+00 -8.657181e+00
-3.815946e+00 -8.640962e+00
-3.811856e+00 -8.624744e+00
-3.807766e+00 -8.608525e+00
-3.803676e+00 -8.592306e+00
-3.799586e+00 -8.576088e+00
-3.795495e+00 -8.559869e+00
-3.791405e+00 -8.543651e+00
-3.787315e+00 -8.527432e+00
-3.783225e+00 -8.511214e+00
-3.779135e+00 -8.494996e+00
-3.775045e+00 -8.478778e+00
-3.770955e+00 -8.462560e+00
-3.766865e+00 -8.446342e+00
-3.762775e+00 -8.430125e+00
-3.758685e+00 -8.413907e+00
-3.754595e+00 -8.397690e+00
-3.750504e+00 -8.381472e+00
-3.746414e+00 -8.365255e+00
-3.742324e+00 -8.349038e+00
-3.738234e+00 -8.332821e+00
-3.734144e+00 -8.316604e+00
-3.730054e+00 -8.300387e+00
-3.725964e+00 -8.284171e+00
-3.721874e+00 -8.267954e+00
-3.717784e+00 -8.251738e+00
-3.713694e+00 -8.235521e+00
-3.709604e+00 -8.219305e+00
-3.705513e+00 -8.203089e+00
-3.701423e+00 -8.186873e+00
-3.697333e+00 -8.170658e+00
-3.693243e+00 -8.154442e+00
-3.689153e+00 -8.138227e+00
-3.685063e+00 -8.122011e+00
-3.680973e+00 -8.105796e+00
-3.676883e+00 -8.089581e+00
-3.672793e+00 -8.073366e+00
-3.668703e+00 -8.057152e+00
-3.664613e+00 -8.040937e+00
-3.660522e+00 -8.024723e+00
-3.656432e+00 -8.008508e+00
-3.652342e+00 -7.992294e+00
-3.648252e+00 -7.976080e+00
-3.644162e+00 -7.959867e+00
-3.640072e+00 -7.943653e+00
-3.635982e+00 -7.927440e+00
-3.631892e+00 -7.911227e+00
-3.627802e+00 -7.895014e+00
-3.623712e+00 -7.878801e+00
-3.619622e+00 -7.862589e+00
-3.615531e+00 -7.846376e+00
-3.611441e+00 -7.830164e+00
-3.607351e+00 -7.813952e+00
-3.603261e+00 -7.797740e+00
-3.599171e+00 -7.781529e+00
-3.595081e+00 -7.765318e+00
-3.590991e+00 -7.749106e+00
-3.586901e+00 -7.732896e+00
-3.582811e+00 -7.716685e+00
-3.578721e+00 -7.700475e+00
-3.574631e+00 -7.684265e+00
-3.570540e+00 -7.668055e+00
-3.566450e+00 -7.651845e+00
-3.562360e+00 -7.635636e+00
-3.558270e+00 -7.619426e+00
-3.554180e+00 -7.603217e+00
-3.550090e+00 -7.587009e+00
-3.546000e+00 -7.570800e+00
-3.541910e+00 -7.554592e+00
-3.537820e+00 -7.538384e+00
-3.533730e+00 -7.522177e+00
-3.529640e+00 -7.505970e+00
-3.525549e+00 -7.489763e+00
-3.521459e+00 -7.473556e+00
-3.517369e+00 -7.457349e+00
-3.513279e+00 -7.441143e+00
-3.509189e+00 -7.424938e+00
-3.505099e+00 -7.408732e+00
-3.501009e+00 -7.392527e+00
-3.496919e+00 -7.376322e+00
-3.492829e+00 -7.360118e+00
-3.488739e+00 -7.343914e+00
-3.484649e+00 -7.327710e+00
-3.480558e+00 -7.311506e+00
-3.476468e+00 -7.295303e+00
-3.472378e+00 -7.279101e+00
-3.468288e+00 -7.262899e+00
-3.464198e+00 -7.246697e+00
-3.460108e+00 -7.230495e+00
-3.456018e+00 -7.214294e+00
-3.451928e+00 -7.198093e+00
-3.447838e+00 -7.181893e+00
-3.443748e+00 -7.165693e+00
-3.439658e+00 -7.149493e+00
-3.435567e+00 -7.133294e+00
-3.431477e+00 -7.117096e+00
-3.427387e+00 -7.100898e+00
-3.423297e+00 -7.084700e+00
-3.419207e+00 -7.068502e+00
-3.415117e+00 -7.052306e+00
-3.411027e+00 -7.036109e+00
-3.406937e+00 -7.019913e+00
-3.402847e+00 -7.003718e+00
-3.398757e+00 -6.987523e+00
-3.394667e+00 -6.971328e+00
-3.390576e+00 -6.955134e+00
-3.386486e+00 -6.938941e+00
-3.382396e+00 -6.922748e+00
-3.378306e+00 -6.906555e+00
-3.374216e+00 -6.890364e+00
-3.370126e+00 -6.874172e+00
-3.366036e+00 -6.857981e+00
-3.361946e+00 -6.841791e+00
-3.357856e+00 -6.825602e+00
-3.353766e+00 -6.809413e+00
-3.349676e+00 -6.793224e+00
-3.345585e+00 -6.777036e+00
-3.341495e+00 -6.760849e+00
-3.337405e+00 -6.744663e+00
-3.333315e+00 -6.728477e+00
-3.329225e+00 -6.712291e+00
-3.325135e+00 -6.696107e+00
-3.321045e+00 -6.679923e+00
-3.316955e+00 -6.663739e+00
-3.312865e+00 -6.647557e+00
-3.308775e+00 -6.631375e+00
-3.304685e+00 -6.615194e+00
-3.300594e+00 -6.599013e+00
-3.296504e+00 -6.582834e+00
-3.292414e+00 -6.566655e+00
-3.288324e+00 -6.550476e+00
-3.284234e+00 -6.534299e+00
-3.280144e+00 -6.518122e+00
-3.276054e+00 -6.501946e+00
-3.271964e+00 -6.485771e+00
-3.267874e+00 -6.469597e+00
-3.263784e+00 -6.453423e+00
-3.259694e+00 -6.437250e+00
-3.255603e+00 -6.421079e+00
-3.251513e+00 -6.404907e+00
-3.247423e+00 -6.388737e+00
-3.243333e+00 -6.372568e+00
-3.239243e+00 -6.356399e+00
-3.235153e+00 -6.340232e+00
-3.231063e+00 -6.324065e+00
-3.226973e+00 -6.307900e+00
-3.222883e+00 -6.291735e+00
-3.218793e+00 -6.275571e+00
-3.214703e+00 -6.259408e+00
-3.210612e+00 -6.243247e+00
-3.206522e+00 -6.227086e+00
-3.202432e+00 -6.210926e+00
-3.198342e+00 -6.194767e+00
-3.194252e+00 -6.178610e+00
-3.190162e+00 -6.162453e+00
-3.186072e+00 -6.146297e+00
-3.181982e+00 -6.130143e+00
-3.177892e+00 -6.113990e+00
-3.173802e+00 -6.097837e+00
-3.169712e+00 -6.081686e+00
-3.165622e+00 -6.065536e+00
-3.161531e+00 -6.049388e+00
-3.157441e+00 -6.033240e+00
-3.153351e+00 -6.017094e+00
-3.149261e+00 -6.000948e+00
-3.145171e+00 -5.984805e+00
-3.141081e+00 -5.968662e+00
-3.136991e+00 -5.952520e+00
-3.132901e+00 -5.936380e+00
-3.128811e+00 -5.920241e+00
-3.124721e+00 -5.904104e+00
-3.120631e+00 -5.887967e+00
-3.116540e+00 -5.871832e+00
-3.112450e+00 -5.855699e+00
-3.108360e+00 -5.839567e+00
-3.104270e+00 -5.823436e+00
-3.100180e+00 -5.807306e+00
-3.096090e+00 -5.791178e+00
-3.092000e+00 -5.775052e+00
-3.087910e+00 -5.758927e+00
-3.083820e+00 -5.742803e+00
-3.079730e+00 -5.726681e+00
-3.075640e+00 -5.710561e+00
-3.071549e+00 -5.694442e+00
-3.067459e+00 -5.678324e+00
-3.063369e+00 -5.662209e+00
-3.059279e+00 -5.646095e+00
-3.055189e+00 -5.629982e+00
-3.051099e+00 -5.613871e+00
-3.047009e+00 -5.597762e+00
-3.042919e+00 -5.581655e+00
-3.038829e+00 -5.565549e+00
-3.034739e+00 -5.549445e+00
-3.030649e+00 -5.533343e+00
-3.026558e+00 -5.517243e+00
-3.022468e+00 -5.501145e+00
-3.018378e+00 -5.485048e+00
-3.014288e+00 -5.468953e+00
-3.010198e+00 -5.452861e+00
-3.006108e+00 -5.436770e+00
-3.002018e+00 -5.420681e+00
-2.997928e+00 -5.404594e+00
-2.993838e+00 -5.388509e+00
-2.989748e+00 -5.372426e+00
-2.985658e+00 -5.356345e+00
-2.981567e+00 -5.340266e+00
-2.977477e+00 -5.324189e+00
-2.973387e+00 -5.308114e+00
-2.969297e+00 -5.292042e+00
-2.965207e+00 -5.275971e+00
-2.961117e+00 -5.259903e+00
-2.957027e+00 -5.243837e+00
-2.952937e+00 -5.227773e+00
-2.948847e+00 -5.211711e+00
-2.944757e+00 -5.195652e+00
-2.940667e+00 -5.179595e+00
-2.936576e+00 -5.163540e+00
-2.932486e+00 -5.147488e+00
-2.928396e+00 -5.131438e+00
-2.924306e+00 -5.115391e+00
-2.920216e+00 -5.099347e+00
-2.916126e+00 -5.083304e+00
-2.912036e+00 -5.067265e+00
-2.907946e+00 -5.051228e+00
-2.903856e+00 -5.035193e+00
-2.899766e+00 -5.019162e+00
-2.895676e+00 -5.003133e+00
-2.891585e+00 -4.987107e+00
-2.887495e+00 -4.971083e+00
-2.883405e+00 -4.955062e+00
-2.879315e+00 -4.939045e+00
-2.875225e+00 -4.923030e+00
-2.871135e+00 -4.907018e+00
-2.867045e+00 -4.891008e+00
-2.862955e+00 -4.875002e+00
-2.858865e+00 -4.858999e+00
-2.854775e+00 -4.842999e+00
-2.850685e+00 -4.827002e+00
-2.846594e+00 -4.811008e+00
-2.842504e+00 -4.795017e+00
-2.838414e+00 -4.779030e+00
-2.834324e+00 -4.763045e+00
-2.830234e+00 -4.747064e+00
-2.826144e+00 -4.731086e+00
-2.822054e+00 -4.715112e+00
-2.817964e+00 -4.699140e+00
-2.813874e+00 -4.683173e+00
-2.809784e+00 -4.667208e+00
-2.805694e+00 -4.651247e+00
-2.801603e+00 -4.635290e+00
-2.797513e+00 -4.619336e+00
-2.793423e+00 -4.603386e+00
-2.789333e+00 -4.587439e+00
-2.785243e+00 -4.571497e+00
-2.781153e+00 -4.555558e+00
-2.777063e+00 -4.539622e+00
-2.772973e+00 -4.523691e+00
-2.768883e+00 -4.507764e+00
-2.764793e+00 -4.491840e+00
-2.760703e+00 -4.475921e+00
-2.756612e+00 -4.460005e+00
-2.752522e+00 -4.444094e+00
-2.748432e+00 -4.428187e+00
-2.744342e+00 -4.412284e+00
-2.740252e+00 -4.396385e+00
-2.736162e+00 -4.380491e+00
-2.732072e+00 -4.364600e+00
-2.727982e+00 -4.348715e+00
-2.723892e+00 -4.332833e+00
-2.719802e+00 -4.316956e+00
-2.715712e+00 -4.301084e+00
-2.711621e+00 -4.285216e+00
-2.707531e+00 -4.269353e+00
-2.703441e+00 -4.253494e+00
-2.699351e+00 -4.237640e+00
-2.695261e+00 -4.221791e+00
-2.691171e+00 -4.205946e+00
-2.687081e+00 -4.190107e+00
-2.682991e+00 -4.174272e+00
-2.678901e+00 -4.158442e+00
-2.674811e+00 -4.142618e+00
-2.670721e+00 -4.126798e+00
-2.666630e+00 -4.110983e+00
-2.662540e+00 -4.095174e+00
-2.658450e+00 -4.079369e+00
-2.654360e+00 -4.063570e+00
-2.650270e+00 -4.047777e+00
-2.646180e+00 -4.031988e+00
-2.642090e+00 -4.016206e+00
-2.638000e+00 -4.000428e+00
-2.633910e+00 -3.984656e+00
-2.629820e+00 -3.968890e+00
-2.625730e+00 -3.953130e+00
-2.621639e+00 -3.937375e+00
-2.617549e+00 -3.921626e+00
-2.613459e+00 -3.905883e+00
-2.609369e+00 -3.890146e+00
-2.605279e+00 -3.874415e+00
-2.601189e+00 -3.858690e+00
-2.597099e+00 -3.842971e+00
-2.593009e+00 -3.827258e+00
-2.588919e+00 -3.811552e+00
-2.584829e+00 -3.795851e+00
-2.580739e+00 -3.780157e+00
-2.576648e+00 -3.764470e+00
-2.572558e+00 -3.748789e+00
-2.568468e+00 -3.733114e+00
-2.564378e+00 -3.717446e+00
-2.560288e+00 -3.701785e+00
-2.556198e+00 -3.686130e+00
-2.552108e+00 -3.670482e+00
-2.548018e+00 -3.654841e+00
-2.543928e+00 -3.639206e+00
-2.539838e+00 -3.623579e+00
-2.535748e+00 -3.607959e+00
-2.531657e+00 -3.592345e+00
-2.527567e+00 -3.576739e+00
-2.523477e+00 -3.561140e+00
-2.519387e+00 -3.545548e+00
-2.515297e+00 -3.529964e+00
-2.511207e+00 -3.514387e+00
-2.507117e+00 -3.498817e+00
-2.503027e+00 -3.483255e+00
-2.498937e+00 -3.467701e+00
-2.494847e+00 -3.452155e+00
-2.490757e+00 -3.436616e+00
-2.486666e+00 -3.421085e+00
-2.482576e+00 -3.405562e+00
-2.478486e+00 -3.390047e+00
-2.474396e+00 -3.374540e+00
-2.470306e+00 -3.359041e+00
-2.466216e+00 -3.343551e+00
-2.462126e+00 -3.328068e+00
-2.458036e+00 -3.312595e+00
-2.453946e+00 -3.297129e+00
-2.449856e+00 -3.281672e+00
-2.445766e+00 -3.266224e+00
-2.441675e+00 -3.250785e+00
-2.437585e+00 -3.235354e+00
-2.433495e+00 -3.219932e+00
-2.429405e+00 -3.204518e+00
-2.425315e+00 -3.189114e+00
-2.421225e+00 -3.173719e+00
-2.417135e+00 -3.158333e+00
-2.413045e+00 -3.142956e+00
-2.408955e+00 -3.127589e+00
-2.404865e+00 -3.112230e+00
-2.400775e+00 -3.096881e+00
-2.396684e+00 -3.081542e+00
-2.392594e+00 -3.066212e+00
-2.388504e+00 -3.050892e+00
-2.384414e+00 -3.035582e+00
-2.380324e+00 -3.020281e+00
-2.376234e+00 -3.004990e+00
-2.372144e+00 -2.989710e+00
-2.368054e+00 -2.974439e+00
-2.363964e+00 -2.959179e+00
-2.359874e+00 -2.943929e+00
-2.355784e+00 -2.928689e+00
-2.351693e+00 -2.913460e+00
-2.347603e+00 -2.898241e+00
-2.343513e+00 -2.883033e+00
-2.339423e+00 -2.867836e+00
-2.335333e+00 -2.852649e+00
-2.331243e+00 -2.837473e+00
-2.327153e+00 -2.822309e+00
-2.323063e+00 -2.807155e+00
-2.318973e+00 -2.792013e+00
-2.314883e+00 -2.776881e+00
-2.310793e+00 -2.761762e+00
-2.306702e+00 -2.746653e+00
-2.302612e+00 -2.731557e+00
-2.298522e+00 -2.716472e+00
-2.294432e+00 -2.701398e+00
-2.290342e+00 -2.686337e+00
-2.286252e+00 -2.671287e+00
-2.282162e+00 -2.656250e+00
-2.278072e+00 -2.641225e+00
-2.273982e+00 -2.626212e+00
-2.269892e+00 -2.611212e+00
-2.265802e+00 -2.596223e+00
-2.261711e+00 -2.581248e+00
-2.257621e+00 -2.566285e+00
-2.253531e+00 -2.551335e+00
-2.249441e+00 -2.536398e+00
-2.245351e+00 -2.521476e+00
-2.241261e+00 -2.506566e+00
-2.237171e+00 -2.491668e+00
-2.233081e+00 -2.476781e+00
-2.228991e+00 -2.461905e+00
-2.224901e+00 -2.447042e+00
-2.220811e+00 -2.432195e+00
-2.216720e+00 -2.417363e+00
-2.212630e+00 -2.402549e+00
-2.208540e+00 -2.387749e+00
-2.204450e+00 -2.372963e+00
-2.200360e+00 -2.358191e+00
-2.196270e+00 -2.343434e+00
-2.192180e+00 -2.328690e+00
-2.188090e+00 -2.313962e+00
-2.184000e+00 -2.299249e+00
-2.179910e+00 -2.284551e+00
-2.175820e+00 -2.269868e+00
-2.171729e+00 -2.255200e+00
-2.167639e+00 -2.240548e+00
-2.163549e+00 -2.225911e+00
-2.159459e+00 -2.211290e+00
-2.155369e+00 -2.196685e+00
-2.151279e+00 -2.182096e+00
-2.147189e+00 -2.167523e+00
-2.143099e+00 -2.152967e+00
-2.139009e+00 -2.138427e+00
-2.134919e+00 -2.123903e+00
-2.130829e+00 -2.109396e+00
-2.126738e+00 -2.094905e+00
-2.122648e+00 -2.080433e+00
-2.118558e+00 -2.065979e+00
-2.114468e+00 -2.051544e+00
-2.110378e+00 -2.037128e+00
-2.106288e+00 -2.022729e+00
-2.102198e+00 -2.008346e+00
-2.098108e+00 -1.993980e+00
-2.094018e+00 -1.979630e+00
-2.089928e+00 -1.965300e+00
-2.085838e+00 -1.950988e+00
-2.081747e+00 -1.936695e+00
-2.077657e+00 -1.922421e+00
-2.073567e+00 -1.908166e+00
-2.069477e+00 -1.893930e+00
-2.065387e+00 -1.879713e+00
-2.061297e+00 -1.865516e+00
-2.057207e+00 -1.851338e+00
-2.053117e+00 -1.837181e+00
-2.049027e+00 -1.823044e+00
-2.044937e+00 -1.808927e+00
-2.040847e+00 -1.794831e+00
-2.036756e+00 -1.780756e+00
-2.032666e+00 -1.766700e+00
-2.028576e+00 -1.752666e+00
-2.024486e+00 -1.738652e+00
-2.020396e+00 -1.724659e+00
-2.016306e+00 -1.710689e+00
-2.012216e+00 -1.696742e+00
-2.008126e+00 -1.682817e+00
-2.004036e+00 -1.668914e+00
-1.999946e+00 -1.655034e+00
-1.995856e+00 -1.641177e+00
-1.991765e+00 -1.627342e+00
-1.987675e+00 -1.613531e+00
-1.983585e+00 -1.599744e+00
-1.979495e+00 -1.585980e+00
-1.975405e+00 -1.572241e+00
-1.971315e+00 -1.558525e+00
-1.967225e+00 -1.544834e+00
-1.963135e+00 -1.531168e+00
-1.959045e+00 -1.517528e+00
-1.954955e+00 -1.503912e+00
-1.950865e+00 -1.490323e+00
-1.946774e+00 -1.476759e+00
-1.942684e+00 -1.463221e+00
-1.938594e+00 -1.449709e+00
-1.934504e+00 -1.436224e+00
-1.930414e+00 -1.422766e+00
-1.926324e+00 -1.409335e+00
-1.922234e+00 -1.395931e+00
-1.918144e+00 -1.382556e+00
-1.914054e+00 -1.369208e+00
-1.909964e+00 -1.355889e+00
-1.905874e+00 -1.342598e+00
-1.901783e+00 -1.329336e+00
-1.897693e+00 -1.316104e+00
-1.893603e+00 -1.302901e+00
-1.889513e+00 -1.289727e+00
-1.885423e+00 -1.276585e+00
-1.881333e+00 -1.263472e+00
-1.877243e+00 -1.250391e+00
-1.873153e+00 -1.237341e+00
-1.869063e+00 -1.224322e+00
-1.864973e+00 -1.211336e+00
-1.860883e+00 -1.198381e+00
-1.856792e+00 -1.185459e+00
-1.852702e+00 -1.172570e+00
-1.848612e+00 -1.159715e+00
-1.844522e+00 -1.146893e+00
-1.840432e+00 -1.134105e+00
-1.836342e+00 -1.121351e+00
-1.832252e+00 -1.108633e+00
-1.828162e+00 -1.095949e+00
-1.824072e+00 -1.083301e+00
-1.819982e+00 -1.070689e+00
-1.815892e+00 -1.058113e+00
-1.811801e+00 -1.045573e+00
-1.807711e+00 -1.033071e+00
-1.803621e+00 -1.020606e+00
-1.799531e+00 -1.008179e+00
-1.795441e+00 -9.957907e-01
-1.791351e+00 -9.834407e-01
-1.787261e+00 -9.711297e-01
-1.783171e+00 -9.588583e-01
-1.779081e+00 -9.466268e-01
-1.774991e+00 -9.344356e-01
-1.770901e+00 -9.222850e-01
-1.766810e+00 -9.101756e-01
-1.762720e+00 -8.981078e-01
-1.758630e+00 -8.860819e-01
-1.754540e+00 -8.740985e-01
-1.750450e+00 -8.621580e-01
-1.746360e+00 -8.502607e-01
-1.742270e+00 -8.384072e-01
-1.738180e+00 -8.265977e-01
-1.734090e+00 -8.148327e-01
-1.730000e+00 -8.031127e-01
-1.725910e+00 -7.914382e-01
-1.721819e+00 -7.798094e-01
-1.717729e+00 -7.682270e-01
-1.713639e+00 -7.566912e-01
-1.709549e+00 -7.452026e-01
-1.705459e+00 -7.337615e-01
-1.701369e+00 -7.223683e-01
-1.697279e+00 -7.110235e-01
-1.693189e+00 -6.997274e-01
-1.689099e+00 -6.884805e-01
-1.685009e+00 -6.772831e-01
-1.680919e+00 -6.661357e-01
-1.676828e+00 -6.550388e-01
-1.672738e+00 -6.439925e-01
-1.668648e+00 -6.329973e-01
-1.664558e+00 -6.220536e-01
-1.660468e+00 -6.111618e-01
-1.656378e+00 -6.003221e-01
-1.652288e+00 -5.895349e-01
-1.648198e+00 -5.788005e-01
-1.644108e+00 -5.681194e-01
-1.640018e+00 -5.574916e-01
-1.635928e+00 -5.469176e-01
-1.631837e+00 -5.363976e-01
-1.627747e+00 -5.259319e-01
-1.623657e+00 -5.155206e-01
-1.619567e+00 -5.051641e-01
-1.615477e+00 -4.948624e-01
-1.611387e+00 -4.846158e-01
-1.607297e+00 -4.744244e-01
-1.603207e+00 -4.642884e-01
-1.599117e+00 -4.542079e-01
-1.595027e+00 -4.441829e-01
-1.590937e+00 -4.342134e-01
-1.586847e+00 -4.242995e-01
-1.582756e+00 -4.144412e-01
-1.578666e+00 -4.046384e-01
-1.574576e+00 -3.948910e-01
-1.570486e+00 -3.851989e-01
-1.566396e+00 -3.755620e-01
-1.562306e+00 -3.659801e-01
-1.558216e+00 -3.564529e-01
-1.554126e+00 -3.469802e-01
-1.550036e+00 -3.375615e-01
-1.545946e+00 -3.281966e-01
-1.541856e+00 -3.188849e-01
-1.537765e+00 -3.096260e-01
-1.533675e+00 -3.004194e-01
-1.529585e+00 -2.912645e-01
-1.525495e+00 -2.821606e-01
-1.521405e+00 -2.731071e-01
-1.517315e+00 -2.641032e-01
-1.513225e+00 -2.551480e-01
-1.509135e+00 -2.462406e-01
-1.505045e+00 -2.373801e-01
-1.500955e+00 -2.285655e-01
-1.496865e+00 -2.197955e-01
-1.492774e+00 -2.110693e-01
-1.488684e+00 -2.023853e-01
-1.484594e+00 -1.937421e-01
-1.480504e+00 -1.851384e-01
-1.476414e+00 -1.765726e-01
-1.472324e+00 -1.680437e-01
-1.468234e+00 -1.595502e-01
-1.464144e+00 -1.510908e-01
-1.460054e+00 -1.426626e-01
-1.455964e+00 -1.342625e-01
-1.451874e+00 -1.258875e-01
-1.447783e+00 -1.175365e-01
-1.443693e+00 -1.092118e-01
-1.439603e+00 -1.009159e-01
-1.435513e+00 -9.265089e-02
-1.431423e+00 -8.441520e-02
-1.427333e+00 -7.620554e-02
-1.423243e+00 -6.801860e-02
-1.419153e+00 -5.985039e-02
-1.415063e+00 -5.169552e-02
-1.410973e+00 -4.354847e-02
-1.406883e+00 -3.540387e-02
-1.402792e+00 -2.725805e-02
-1.398702e+00 -1.910827e-02
-1.394612e+00 -1.095184e-02
-1.390522e+00 -2.785861e-03
-1.386432e+00 5.392996e-03
-1.382342e+00 1.358812e-02
-1.378252e+00 2.180289e-02
-1.374162e+00 3.004039e-02
-1.370072e+00 3.830351e-02
-1.365982e+00 4.659512e-02
-1.361892e+00 5.491800e-02
-1.357801e+00 6.327455e-02
-1.353711e+00 7.166712e-02
-1.349621e+00 8.009803e-02
-1.345531e+00 8.856921e-02
-1.341441e+00 9.708224e-02
-1.337351e+00 1.056387e-01
-1.333261e+00 1.142399e-01
-1.329171e+00 1.228868e-01
-1.325081e+00 1.315801e-01
-1.320991e+00 1.403204e-01
-1.316901e+00 1.491081e-01
-1.312810e+00 1.579429e-01
-1.308720e+00 1.668246e-01
-1.304630e+00 1.757529e-01
-1.300540e+00 1.847271e-01
-1.296450e+00 1.937461e-01
-1.292360e+00 2.028090e-01
-1.288270e+00 2.119145e-01
-1.284180e+00 2.210605e-01
-1.280090e+00 2.302450e-01
-1.276000e+00 2.394661e-01
-1.271910e+00 2.487231e-01
-1.267819e+00 2.580159e-01
-1.263729e+00 2.673444e-01
-1.259639e+00 2.767045e-01
-1.255549e+00 2.860863e-01
-1.251459e+00 2.954793e-01
-1.247369e+00 3.048758e-01
-1.243279e+00 3.142910e-01
-1.239189e+00 3.237511e-01
-1.235099e+00 3.332825e-01
-1.231009e+00 3.428926e-01
-1.226919e+00 3.525515e-01
-1.222828e+00 3.622250e-01
-1.218738e+00 3.718785e-01
-1.214648e+00 3.814781e-01
-1.210558e+00 3.910066e-01
-1.206468e+00 4.004730e-01
-1.202378e+00 4.098880e-01
-1.198288e+00 4.192625e-01
-1.194198e+00 4.286061e-01
-1.190108e+00 4.379132e-01
-1.186018e+00 4.471686e-01
-1.181928e+00 4.563569e-01
-1.177837e+00 4.654629e-01
-1.173747e+00 4.744733e-01
-1.169657e+00 4.833799e-01
-1.165567e+00 4.921749e-01
-1.161477e+00 5.008508e-01
-1.157387e+00 5.093999e-01
-1.153297e+00 5.178137e-01
-1.149207e+00 5.260836e-01
-1.145117e+00 5.342011e-01
-1.141027e+00 5.421579e-01
-1.136937e+00 5.499482e-01
-1.132846e+00 5.575674e-01
-1.128756e+00 5.650108e-01
-1.124666e+00 5.722742e-01
-1.120576e+00 5.793558e-01
-1.116486e+00 5.862546e-01
-1.112396e+00 5.929700e-01
-1.108306e+00 5.995018e-01
-1.104216e+00 6.058528e-01
-1.100126e+00 6.120267e-01
-1.096036e+00 6.180269e-01
-1.091946e+00 6.238584e-01
-1.087855e+00 6.295279e-01
-1.083765e+00 6.350425e-01
-1.079675e+00 6.404097e-01
-1.075585e+00 6.456382e-01
-1.071495e+00 6.507380e-01
-1.067405e+00 6.557190e-01
-1.063315e+00 6.605919e-01
-1.059225e+00 6.653688e-01
-1.055135e+00 6.700620e-01
-1.051045e+00 6.746841e-01
-1.046955e+00 6.792494e-01
-1.042864e+00 6.837729e-01
-1.038774e+00 6.882696e-01
-1.034684e+00 6.927562e-01
-1.030594e+00 6.972503e-01
-1.026504e+00 7.017696e-01
-1.022414e+00 7.063331e-01
-1.018324e+00 7.109606e-01
-1.014234e+00 7.156722e-01
-1.010144e+00 7.204882e-01
-1.006054e+00 7.254290e-01
-1.001964e+00 7.305150e-01
-9.978734e-01 7.357654e-01
-9.937834e-01 7.411983e-01
-9.896933e-01 7.468313e-01
-9.856032e-01 7.526791e-01
-9.815131e-01 7.587537e-01
-9.774230e-01 7.650667e-01
-9.733329e-01 7.716241e-01
-9.692428e-01 7.784295e-01
-9.651527e-01 7.854846e-01
-9.610626e-01 7.927848e-01
-9.569725e-01 8.003239e-01
-9.528824e-01 8.080919e-01
-9.487924e-01 8.160734e-01
-9.447023e-01 8.242518e-01
-9.406122e-01 8.326053e-01
-9.365221e-01 8.411092e-01
-9.324320e-01 8.497368e-01
-9.283419e-01 8.584564e-01
-9.242518e-01 8.672355e-01
-9.201617e-01 8.760381e-01
-9.160716e-01 8.848266e-01
-9.119815e-01 8.935620e-01
-9.078914e-01 9.022040e-01
-9.038014e-01 9.107122e-01
-8.997113e-01 9.190471e-01
-8.956212e-01 9.271700e-01
-8.915311e-01 9.350453e-01
-8.874410e-01 9.426399e-01
-8.833509e-01 9.499250e-01
-8.792608e-01 9.568776e-01
-8.751707e-01 9.634785e-01
-8.710806e-01 9.697168e-01
-8.669905e-01 9.755853e-01
-8.629005e-01 9.810849e-01
-8.588104e-01 9.862207e-01
-8.547203e-01 9.910041e-01
-8.506302e-01 9.954508e-01
-8.465401e-01 9.995811e-01
-8.424500e-01 1.003419e+00
-8.383599e-01 1.006991e+00
-8.342698e-01 1.010330e+00
-8.301797e-01 1.013468e+00
-8.260896e-01 1.016446e+00
-8.219995e-01 1.019305e+00
-8.179095e-01 1.022094e+00
-8.138194e-01 1.024865e+00
-8.097293e-01 1.027677e+00
-8.056392e-01 1.030589e+00
-8.015491e-01 1.033667e+00
-7.974590e-01 1.036972e+00
-7.933689e-01 1.040565e+00
-7.892788e-01 1.044499e+00
-7.851887e-01 1.048820e+00
-7.810986e-01 1.053559e+00
-7.770085e-01 1.058734e+00
-7.729185e-01 1.064351e+00
-7.688284e-01 1.070396e+00
-7.647383e-01 1.076840e+00
-7.606482e-01 1.083647e+00
-7.565581e-01 1.090772e+00
-7.524680e-01 1.098158e+00
-7.483779e-01 1.105747e+00
-7.442878e-01 1.113476e+00
-7.401977e-01 1.121281e+00
-7.361076e-01 1.129094e+00
-7.320176e-01 1.136847e+00
-7.279275e-01 1.144469e+00
-7.238374e-01 1.151891e+00
-7.197473e-01 1.159044e+00
-7.156572e-01 1.165863e+00
-7.115671e-01 1.172291e+00
-7.074770e-01 1.178282e+00
-7.033869e-01 1.183804e+00
-6.992968e-01 1.188841e+00
-6.952067e-01 1.193395e+00
-6.911166e-01 1.197487e+00
-6.870266e-01 1.201152e+00
-6.829365e-01 1.204441e+00
-6.788464e-01 1.207418e+00
-6.747563e-01 1.210153e+00
-6.706662e-01 1.212727e+00
-6.665761e-01 1.215222e+00
-6.624860e-01 1.217729e+00
-6.583959e-01 1.220336e+00
-6.543058e-01 1.223130e+00
-6.502157e-01 1.226199e+00
-6.461256e-01 1.229627e+00
-6.420356e-01 1.233481e+00
-6.379455e-01 1.237775e+00
-6.338554e-01 1.242518e+00
-6.297653e-01 1.247717e+00
-6.256752e-01 1.253363e+00
-6.215851e-01 1.259384e+00
-6.174950e-01 1.265692e+00
-6.134049e-01 1.272197e+00
-6.093148e-01 1.278812e+00
-6.052247e-01 1.285439e+00
-6.011346e-01 1.291980e+00
-5.970446e-01 1.298337e+00
-5.929545e-01 1.304415e+00
-5.888644e-01 1.310151e+00
-5.847743e-01 1.315504e+00
-5.806842e-01 1.320435e+00
-5.765941e-01 1.324904e+00
-5.725040e-01 1.328925e+00
-5.684139e-01 1.332559e+00
-5.643238e-01 1.335868e+00
-5.602337e-01 1.338915e+00
-5.561437e-01 1.341781e+00
-5.520536e-01 1.344575e+00
-5.479635e-01 1.347408e+00
-5.438734e-01 1.350391e+00
-5.397833e-01 1.353614e+00
-5.356932e-01 1.357123e+00
-5.316031e-01 1.360957e+00
-5.275130e-01 1.365155e+00
-5.234229e-01 1.369736e+00
-5.193328e-01 1.374646e+00
-5.152427e-01 1.379814e+00
-5.111527e-01 1.385168e+00
-5.070626e-01 1.390633e+00
-5.029725e-01 1.396118e+00
-4.988824e-01 1.401521e+00
-4.947923e-01 1.406743e+00
-4.907022e-01 1.411690e+00
-4.866121e-01 1.416324e+00
-4.825220e-01 1.420642e+00
-4.784319e-01 1.424639e+00
-4.743418e-01 1.428313e+00
-4.702517e-01 1.431716e+00
-4.661617e-01 1.434945e+00
-4.620716e-01 1.438098e+00
-4.579815e-01 1.441274e+00
-4.538914e-01 1.444551e+00
-4.498013e-01 1.447979e+00
-4.457112e-01 1.451606e+00
-4.416211e-01 1.455479e+00
-4.375310e-01 1.459614e+00
-4.334409e-01 1.463960e+00
-4.293508e-01 1.468458e+00
-4.252608e-01 1.473048e+00
-4.211707e-01 1.477669e+00
-4.170806e-01 1.482252e+00
-4.129905e-01 1.486731e+00
-4.089004e-01 1.491037e+00
-4.048103e-01 1.495114e+00
-4.007202e-01 1.498972e+00
-3.966301e-01 1.502645e+00
-3.925400e-01 1.506168e+00
-3.884499e-01 1.509575e+00
-3.843598e-01 1.512925e+00
-3.802698e-01 1.516286e+00
-3.761797e-01 1.519727e+00
-3.720896e-01 1.523313e+00
-3.679995e-01 1.527058e+00
-3.639094e-01 1.530933e+00
-3.598193e-01 1.534907e+00
-3.557292e-01 1.538948e+00
-3.516391e-01 1.543017e+00
-3.475490e-01 1.547067e+00
-3.434589e-01 1.551046e+00
-3.393688e-01 1.554908e+00
-3.352788e-01 1.558627e+00
-3.311887e-01 1.562228e+00
-3.270986e-01 1.565742e+00
-3.230085e-01 1.569200e+00
-3.189184e-01 1.572633e+00
-3.148283e-01 1.576071e+00
-3.107382e-01 1.579543e+00
-3.066481e-01 1.583078e+00
-3.025580e-01 1.586697e+00
-2.984679e-01 1.590382e+00
-2.943778e-01 1.594097e+00
-2.902878e-01 1.597809e+00
-2.861977e-01 1.601486e+00
-2.821076e-01 1.605113e+00
-2.780175e-01 1.608688e+00
-2.739274e-01 1.612203e+00
-2.698373e-01 1.615657e+00
-2.657472e-01 1.619061e+00
-2.616571e-01 1.622442e+00
-2.575670e-01 1.625825e+00
-2.534769e-01 1.629236e+00
-2.493869e-01 1.632684e+00
-2.452968e-01 1.636155e+00
-2.412067e-01 1.639635e+00
-2.371166e-01 1.643109e+00
-2.330265e-01 1.646565e+00
-2.289364e-01 1.649999e+00
-2.248463e-01 1.653404e+00
-2.207562e-01 1.656776e+00
-2.166661e-01 1.660114e+00
-2.125760e-01 1.663428e+00
-2.084859e-01 1.666731e+00
-2.043959e-01 1.670034e+00
-2.003058e-01 1.673350e+00
-1.962157e-01 1.676673e+00
-1.921256e-01 1.679998e+00
-1.880355e-01 1.683318e+00
-1.839454e-01 1.686626e+00
-1.798553e-01 1.689920e+00
-1.757652e-01 1.693200e+00
-1.716751e-01 1.696467e+00
-1.675850e-01 1.699721e+00
-1.634949e-01 1.702961e+00
-1.594049e-01 1.706189e+00
-1.553148e-01 1.709405e+00
-1.512247e-01 1.712608e+00
-1.471346e-01 1.715800e+00
-1.430445e-01 1.718980e+00
-1.389544e-01 1.722148e+00
-1.348643e-01 1.725305e+00
-1.307742e-01 1.728452e+00
-1.266841e-01 1.731587e+00
-1.225940e-01 1.734713e+00
-1.185039e-01 1.737828e+00
-1.144139e-01 1.740934e+00
-1.103238e-01 1.744029e+00
-1.062337e-01 1.747116e+00
-1.021436e-01 1.750193e+00
-9.805350e-02 1.753262e+00
-9.396341e-02 1.756322e+00
-8.987331e-02 1.759373e+00
-8.578322e-02 1.762417e+00
-8.169313e-02 1.765452e+00
-7.760304e-02 1.768480e+00
-7.351295e-02 1.771499e+00
-6.942286e-02 1.774510e+00
-6.533277e-02 1.777513e+00
-6.124268e-02 1.780507e+00
-5.715259e-02 1.783494e+00
-5.306250e-02 1.786472e+00
-4.897241e-02 1.789442e+00
-4.488232e-02 1.792403e+00
-4.079223e-02 1.795357e+00
-3.670214e-02 1.798302e+00
-3.261205e-02 1.801238e+00
-2.852195e-02 1.804167e+00
-2.443186e-02 1.807087e+00
-2.034177e-02 1.809998e+00
-1.625168e-02 1.812902e+00
-1.216159e-02 1.815796e+00
-8.071501e-03 1.818683e+00
-3.981411e-03 1.821561e+00
1.086800e-04 1.824430e+00
4.198771e-03 1.827291e+00
8.288861e-03 1.830143e+00
1.237895e-02 1.832987e+00
1.646904e-02 1.835822e+00
2.055913e-02 1.838649e+00
2.464922e-02 1.841468e+00
2.873931e-02 1.844278e+00
3.282941e-02 1.847080e+00
3.691950e-02 1.849874e+00
4.100959e-02 1.852660e+00
4.509968e-02 1.855437e+00
4.918977e-02 1.858206e+00
5.327986e-02 1.860968e+00
5.736995e-02 1.863721e+00
6.146004e-02 1.866467e+00
6.555013e-02 1.869204e+00
6.964022e-02 1.871934e+00
7.373031e-02 1.874656e+00
7.782040e-02 1.877370e+00
8.191049e-02 1.880077e+00
8.600058e-02 1.882776e+00
9.009067e-02 1.885467e+00
9.418077e-02 1.888151e+00
9.827086e-02 1.890827e+00
1.023609e-01 1.893496e+00
1.064510e-01 1.896157e+00
1.105411e-01 1.898811e+00
1.146312e-01 1.901458e+00
1.187213e-01 1.904098e+00
1.228114e-01 1.906730e+00
1.269015e-01 1.909355e+00
1.309916e-01 1.911972e+00
1.350817e-01 1.914583e+00
1.391718e-01 1.917186e+00
1.432619e-01 1.919782e+00
1.473519e-01 1.922371e+00
1.514420e-01 1.924953e+00
1.555321e-01 1.927528e+00
1.596222e-01 1.930096e+00
1.637123e-01 1.932657e+00
1.678024e-01 1.935211e+00
1.718925e-01 1.937758e+00
1.759826e-01 1.940298e+00
1.800727e-01 1.942832e+00
1.841628e-01 1.945358e+00
1.882529e-01 1.947878e+00
1.923429e-01 1.950390e+00
1.964330e-01 1.952896e+00
2.005231e-01 1.955396e+00
2.046132e-01 1.957888e+00
2.087033e-01 1.960374e+00
2.127934e-01 1.962853e+00
2.168835e-01 1.965326e+00
2.209736e-01 1.967792e+00
2.250637e-01 1.970251e+00
2.291538e-01 1.972704e+00
2.332438e-01 1.975150e+00
2.373339e-01 1.977590e+00
2.414240e-01 1.980023e+00
2.455141e-01 1.982450e+00
2.496042e-01 1.984871e+00
2.536943e-01 1.987285e+00
2.577844e-01 1.989692e+00
2.618745e-01 1.992094e+00
2.659646e-01 1.994489e+00
2.700547e-01 1.996877e+00
2.741448e-01 1.999260e+00
2.782348e-01 2.001636e+00
2.823249e-01 2.004006e+00
2.864150e-01 2.006370e+00
2.905051e-01 2.008728e+00
2.945952e-01 2.011079e+00
2.986853e-01 2.013425e+00
3.027754e-01 2.015764e+00
3.068655e-01 2.018097e+00
3.109556e-01 2.020425e+00
3.150457e-01 2.022746e+00
3.191358e-01 2.025061e+00
3.232258e-01 2.027371e+00
3.273159e-01 2.029674e+00
3.314060e-01 2.031972e+00
3.354961e-01 2.034263e+00
3.395862e-01 2.036549e+00
3.436763e-01 2.038829e+00
3.477664e-01 2.041103e+00
3.518565e-01 2.043371e+00
3.559466e-01 2.045634e+00
3.600367e-01 2.047890e+00
3.641268e-01 2.050141e+00
3.682168e-01 2.052387e+00
3.723069e-01 2.054626e+00
3.763970e-01 2.056860e+00
3.804871e-01 2.059089e+00
3.845772e-01 2.061311e+00
3.886673e-01 2.063529e+00
3.927574e-01 2.065740e+00
3.968475e-01 2.067946e+00
4.009376e-01 2.070147e+00
4.050277e-01 2.072342e+00
4.091177e-01 2.074532e+00
4.132078e-01 2.076716e+00
4.172979e-01 2.078894e+00
4.213880e-01 2.081068e+00
4.254781e-01 2.083236e+00
4.295682e-01 2.085398e+00
4.336583e-01 2.087555e+00
4.377484e-01 2.089707e+00
4.418385e-01 2.091854e+00
4.459286e-01 2.093995e+00
4.500187e-01 2.096131e+00
4.541087e-01 2.098262e+00
4.581988e-01 2.100388e+00
4.622889e-01 2.102508e+00
4.663790e-01 2.104623e+00
4.704691e-01 2.106733e+00
4.745592e-01 2.108838e+00
4.786493e-01 2.110938e+00
4.827394e-01 2.113033e+00
4.868295e-01 2.115123e+00
4.909196e-01 2.117207e+00
4.950097e-01 2.119287e+00
4.990997e-01 2.121362e+00
5.031898e-01 2.123431e+00
5.072799e-01 2.125496e+00
5.113700e-01 2.127556e+00
5.154601e-01 2.129610e+00
5.195502e-01 2.131660e+00
5.236403e-01 2.133705e+00
5.277304e-01 2.135745e+00
5.318205e-01 2.137780e+00
5.359106e-01 2.139811e+00
5.400006e-01 2.141836e+00
5.440907e-01 2.143857e+00
5.481808e-01 2.145873e+00
5.522709e-01 2.147884e+00
5.563610e-01 2.149890e+00
5.604511e-01 2.151892e+00
5.645412e-01 2.153889e+00
5.686313e-01 2.155881e+00
5.727214e-01 2.157868e+00
5.768115e-01 2.159851e+00
5.809016e-01 2.161830e+00
5.849916e-01 2.163803e+00
5.890817e-01 2.165772e+00
5.931718e-01 2.167736e+00
5.972619e-01 2.169696e+00
6.013520e-01 2.171651e+00
6.054421e-01 2.173602e+00
6.095322e-01 2.175548e+00
6.136223e-01 2.177490e+00
6.177124e-01 2.179427e+00
6.218025e-01 2.181359e+00
6.258926e-01 2.183288e+00
6.299826e-01 2.185211e+00
6.340727e-01 2.187131e+00
6.381628e-01 2.189045e+00
6.422529e-01 2.190956e+00
6.463430e-01 2.192862e+00
6.504331e-01 2.194764e+00
6.545232e-01 2.196661e+00
6.586133e-01 2.198554e+00
6.627034e-01 2.200443e+00
6.667935e-01 2.202328e+00
6.708836e-01 2.204208e+00
6.749736e-01 2.206084e+00
6.790637e-01 2.207956e+00
6.831538e-01 2.209823e+00
6.872439e-01 2.211687e+00
6.913340e-01 2.213546e+00
6.954241e-01 2.215401e+00
6.995142e-01 2.217252e+00
7.036043e-01 2.219098e+00
7.076944e-01 2.220941e+00
7.117845e-01 2.222779e+00
7.158745e-01 2.224614e+00
7.199646e-01 2.226444e+00
7.240547e-01 2.228270e+00
7.281448e-01 2.230092e+00
7.322349e-01 2.231910e+00
7.363250e-01 2.233724e+00
7.404151e-01 2.235534e+00
7.445052e-01 2.237340e+00
7.485953e-01 2.239142e+00
7.526854e-01 2.240940e+00
7.567755e-01 2.242734e+00
7.608655e-01 2.244524e+00
7.649556e-01 2.246311e+00
7.690457e-01 2.248093e+00
7.731358e-01 2.249871e+00
7.772259e-01 2.251646e+00
7.813160e-01 2.253416e+00
7.854061e-01 2.255183e+00
7.894962e-01 2.256946e+00
7.935863e-01 2.258705e+00
7.976764e-01 2.260460e+00
8.017665e-01 2.262211e+00
8.058565e-01 2.263959e+00
8.099466e-01 2.265702e+00
8.140367e-01 2.267442e+00
8.181268e-01 2.269179e+00
8.222169e-01 2.270911e+00
8.263070e-01 2.272640e+00
8.303971e-01 2.274365e+00
8.344872e-01 2.276086e+00
8.385773e-01 2.277804e+00
8.426674e-01 2.279518e+00
8.467574e-01 2.281228e+00
8.508475e-01 2.282934e+00
8.549376e-01 2.284637e+00
8.590277e-01 2.286337e+00
8.631178e-01 2.288032e+00
8.672079e-01 2.289725e+00
8.712980e-01 2.291413e+00
8.753881e-01 2.293098e+00
8.794782e-01 2.294779e+00
8.835683e-01 2.296457e+00
8.876584e-01 2.298132e+00
8.917484e-01 2.299802e+00
8.958385e-01 2.301470e+00
8.999286e-01 2.303134e+00
9.040187e-01 2.304794e+00
9.081088e-01 2.306451e+00
9.121989e-01 2.308104e+00
9.162890e-01 2.309754e+00
9.203791e-01 2.311400e+00
9.244692e-01 2.313043e+00
9.285593e-01 2.314683e+00
9.326494e-01 2.316319e+00
9.367394e-01 2.317952e+00
9.408295e-01 2.319581e+00
9.449196e-01 2.321207e+00
9.490097e-01 2.322830e+00
9.530998e-01 2.324449e+00
9.571899e-01 2.326065e+00
9.612800e-01 2.327678e+00
9.653701e-01 2.329287e+00
9.694602e-01 2.330893e+00
9.735503e-01 2.332496e+00
9.776404e-01 2.334095e+00
9.817304e-01 2.335691e+00
9.858205e-01 2.337284e+00
9.899106e-01 2.338874e+00
9.940007e-01 2.340460e+00
9.980908e-01 2.342043e+00
1.002181e+00 2.343623e+00
1.006271e+00 2.345200e+00
1.010361e+00 2.346774e+00
1.014451e+00 2.348344e+00
1.018541e+00 2.349911e+00
1.022631e+00 2.351475e+00
1.026721e+00 2.353036e+00
1.030812e+00 2.354593e+00
1.034902e+00 2.356148e+00
1.038992e+00 2.357699e+00
1.043082e+00 2.359247e+00
1.047172e+00 2.360792e+00
1.051262e+00 2.362334e+00
1.055352e+00 2.363873e+00
1.059442e+00 2.365409e+00
1.063532e+00 2.366941e+00
1.067622e+00 2.368471e+00
1.071712e+00 2.369998e+00
1.075803e+00 2.371521e+00
1.079893e+00 2.373042e+00
1.083983e+00 2.374559e+00
1.088073e+00 2.376073e+00
1.092163e+00 2.377585e+00
1.096253e+00 2.379093e+00
1.100343e+00 2.380599e+00
1.104433e+00 2.382101e+00
1.108523e+00 2.383601e+00
1.112613e+00 2.385097e+00
1.116703e+00 2.386591e+00
1.120794e+00 2.388081e+00
1.124884e+00 2.389569e+00
1.128974e+00 2.391054e+00
1.133064e+00 2.392535e+00
1.137154e+00 2.394014e+00
1.141244e+00 2.395490e+00
1.145334e+00 2.396963e+00
1.149424e+00 2.398434e+00
1.153514e+00 2.399901e+00
1.157604e+00 2.401365e+00
1.161694e+00 2.402827e+00
1.165785e+00 2.404286e+00
1.169875e+00 2.405741e+00
1.173965e+00 2.407194e+00
1.178055e+00 2.408645e+00
1.182145e+00 2.410092e+00
1.186235e+00 2.411537e+00
1.190325e+00 2.412978e+00
1.194415e+00 2.414417e+00
1.198505e+00 2.415854e+00
1.202595e+00 2.417287e+00
1.206685e+00 2.418718e+00
1.210776e+00 2.420146e+00
1.214866e+00 2.421571e+00
1.218956e+00 2.422993e+00
1.223046e+00 2.424413e+00
1.227136e+00 2.425829e+00
1.231226e+00 2.427244e+00
1.235316e+00 2.428655e+00
1.239406e+00 2.430064e+00
1.243496e+00 2.431470e+00
1.247586e+00 2.432873e+00
1.251676e+00 2.434273e+00
1.255767e+00 2.435671e+00
1.259857e+00 2.437066e+00
1.263947e+00 2.438459e+00
1.268037e+00 2.439849e+00
1.272127e+00 2.441236e+00
1.276217e+00 2.442621e+00
1.280307e+00 2.444002e+00
1.284397e+00 2.445382e+00
1.288487e+00 2.446758e+00
1.292577e+00 2.448132e+00
1.296667e+00 2.449504e+00
1.300758e+00 2.450872e+00
1.304848e+00 2.452238e+00
1.308938e+00 2.453602e+00
1.313028e+00 2.454963e+00
1.317118e+00 2.456321e+00
1.321208e+00 2.457677e+00
1.325298e+00 2.459030e+00
1.329388e+00 2.460381e+00
1.333478e+00 2.461729e+00
1.337568e+00 2.463074e+00
1.341658e+00 2.464417e+00
1.345749e+00 2.465757e+00
1.349839e+00 2.467095e+00
1.353929e+00 2.468430e+00
1.358019e+00 2.469763e+00
1.362109e+00 2.471093e+00
1.366199e+00 2.472421e+00
1.370289e+00 2.473746e+00
1.374379e+00 2.475068e+00
1.378469e+00 2.476389e+00
1.382559e+00 2.477706e+00
1.386649e+00 2.479021e+00
1.390740e+00 2.480334e+00
1.394830e+00 2.481644e+00
1.398920e+00 2.482951e+00
1.403010e+00 2.484257e+00
1.407100e+00 2.485559e+00
1.411190e+00 2.486859e+00
1.415280e+00 2.488157e+00
1.419370e+00 2.489452e+00
1.423460e+00 2.490745e+00
1.427550e+00 2.492035e+00
1.431640e+00 2.493323e+00
1.435731e+00 2.494609e+00
1.439821e+00 2.495891e+00
1.443911e+00 2.497172e+00
1.448001e+00 2.498450e+00
1.452091e+00 2.499726e+00
1.456181e+00 2.500999e+00
1.460271e+00 2.502270e+00
1.464361e+00 2.503538e+00
1.468451e+00 2.504804e+00
1.472541e+00 2.506067e+00
1.476631e+00 2.507328e+00
1.480722e+00 2.508587e+00
1.484812e+00 2.509843e+00
1.488902e+00 2.511097e+00
1.492992e+00 2.512349e+00
1.497082e+00 2.513598e+00
1.501172e+00 2.514844e+00
1.505262e+00 2.516088e+00
1.509352e+00 2.517330e+00
1.513442e+00 2.518570e+00
1.517532e+00 2.519807e+00
1.521622e+00 2.521041e+00
1.525713e+00 2.522273e+00
1.529803e+00 2.523503e+00
1.533893e+00 2.524731e+00
1.537983e+00 2.525956e+00
1.542073e+00 2.527178e+00
1.546163e+00 2.528399e+00
1.550253e+00 2.529617e+00
1.554343e+00 2.530832e+00
1.558433e+00 2.532045e+00
1.562523e+00 2.533256e+00
1.566613e+00 2.534464e+00
1.570703e+00 2.535671e+00
1.574794e+00 2.536874e+00
1.578884e+00 2.538075e+00
1.582974e+00 2.539274e+00
1.587064e+00 2.540471e+00
1.591154e+00 2.541665e+00
1.595244e+00 2.542857e+00
1.599334e+00 2.544046e+00
1.603424e+00 2.545233e+00
1.607514e+00 2.546417e+00
1.611604e+00 2.547599e+00
1.615694e+00 2.548779e+00
1.619785e+00 2.549957e+00
1.623875e+00 2.551132e+00
1.627965e+00 2.552304e+00
1.632055e+00 2.553474e+00
1.636145e+00 2.554642e+00
1.640235e+00 2.555808e+00
1.644325e+00 2.556971e+00
1.648415e+00 2.558131e+00
1.652505e+00 2.559289e+00
1.656595e+00 2.560445e+00
1.660685e+00 2.561599e+00
1.664776e+00 2.562749e+00
1.668866e+00 2.563898e+00
1.672956e+00 2.565044e+00
1.677046e+00 2.566188e+00
1.681136e+00 2.567329e+00
1.685226e+00 2.568468e+00
1.689316e+00 2.569604e+00
1.693406e+00 2.570738e+00
1.697496e+00 2.571870e+00
1.701586e+00 2.572999e+00
1.705676e+00 2.574126e+00
1.709767e+00 2.575250e+00
1.713857e+00 2.576371e+00
1.717947e+00 2.577490e+00
1.722037e+00 2.578607e+00
1.726127e+00 2.579721e+00
1.730217e+00 2.580833e+00
1.734307e+00 2.581942e+00
1.738397e+00 2.583049e+00
1.742487e+00 2.584153e+00
1.746577e+00 2.585255e+00
1.750667e+00 2.586354e+00
1.754758e+00 2.587450e+00
1.758848e+00 2.588545e+00
1.762938e+00 2.589636e+00
1.767028e+00 2.590725e+00
1.771118e+00 2.591811e+00
1.775208e+00 2.592895e+00
1.779298e+00 2.593977e+00
1.783388e+00 2.595055e+00
1.787478e+00 2.596131e+00
1.791568e+00 2.597205e+00
1.795658e+00 2.598275e+00
1.799749e+00 2.599343e+00
1.803839e+00 2.600409e+00
1.807929e+00 2.601471e+00
1.812019e+00 2.602532e+00
1.816109e+00 2.603589e+00
1.820199e+00 2.604644e+00
1.824289e+00 2.605695e+00
1.828379e+00 2.606745e+00
1.832469e+00 2.607791e+00
1.836559e+00 2.608835e+00
1.840649e+00 2.609876e+00
1.844740e+00 2.610914e+00
1.848830e+00 2.611949e+00
1.852920e+00 2.612982e+00
1.857010e+00 2.614012e+00
1.861100e+00 2.615038e+00
1.865190e+00 2.616062e+00
1.869280e+00 2.617084e+00
1.873370e+00 2.618102e+00
1.877460e+00 2.619117e+00
1.881550e+00 2.620130e+00
1.885640e+00 2.621139e+00
1.889731e+00 2.622145e+00
1.893821e+00 2.623149e+00
1.897911e+00 2.624149e+00
1.902001e+00 2.625147e+00
1.906091e+00 2.626141e+00
1.910181e+00 2.627132e+00
1.914271e+00 2.628120e+00
1.918361e+00 2.629105e+00
1.922451e+00 2.630087e+00
1.926541e+00 2.631065e+00
1.930631e+00 2.632041e+00
1.934722e+00 2.633013e+00
1.938812e+00 2.633982e+00
1.942902e+00 2.634948e+00
1.946992e+00 2.635910e+00
1.951082e+00 2.636869e+00
1.955172e+00 2.637825e+00
1.959262e+00 2.638778e+00
1.963352e+00 2.639727e+00
1.967442e+00 2.640673e+00
1.971532e+00 2.641615e+00
1.975622e+00 2.642553e+00
1.979713e+00 2.643489e+00
1.983803e+00 2.644420e+00
1.987893e+00 2.645348e+00
1.991983e+00 2.646272e+00
1.996073e+00 2.647193e+00
2.000163e+00 2.648110e+00
2.004253e+00 2.649023e+00
2.008343e+00 2.649933e+00
2.012433e+00 2.650839e+00
2.016523e+00 2.651741e+00
2.020613e+00 2.652639e+00
2.024704e+00 2.653533e+00
2.028794e+00 2.654423e+00
2.032884e+00 2.655309e+00
2.036974e+00 2.656191e+00
2.041064e+00 2.657069e+00
2.045154e+00 2.657944e+00
2.049244e+00 2.658814e+00
2.053334e+00 2.659679e+00
2.057424e+00 2.660541e+00
2.061514e+00 2.661398e+00
2.065604e+00 2.662251e+00
2.069695e+00 2.663100e+00
2.073785e+00 2.663944e+00
2.077875e+00 2.664784e+00
2.081965e+00 2.665619e+00
2.086055e+00 2.666450e+00
2.090145e+00 2.667276e+00
2.094235e+00 2.668098e+00
2.098325e+00 2.668914e+00
2.102415e+00 2.669726e+00
2.106505e+00 2.670533e+00
2.110595e+00 2.671335e+00
2.114686e+00 2.672132e+00
2.118776e+00 2.672925e+00
2.122866e+00 2.673712e+00
2.126956e+00 2.674494e+00
2.131046e+00 2.675271e+00
2.135136e+00 2.676043e+00
2.139226e+00 2.676809e+00
2.143316e+00 2.677571e+00
2.147406e+00 2.678326e+00
2.151496e+00 2.679077e+00
2.155586e+00 2.679822e+00
2.159677e+00 2.680561e+00
2.163767e+00 2.681295e+00
2.167857e+00 2.682022e+00
2.171947e+00 2.682745e+00
2.176037e+00 2.683461e+00
2.180127e+00 2.684171e+00
2.184217e+00 2.684875e+00
2.188307e+00 2.685573e+00
2.192397e+00 2.686265e+00
2.196487e+00 2.686950e+00
2.200577e+00 2.687630e+00
2.204668e+00 2.688302e+00
2.208758e+00 2.688969e+00
2.212848e+00 2.689629e+00
2.216938e+00 2.690282e+00
2.221028e+00 2.690928e+00
2.225118e+00 2.691568e+00
2.229208e+00 2.692200e+00
2.233298e+00 2.692826e+00
2.237388e+00 2.693445e+00
2.241478e+00 2.694057e+00
2.245568e+00 2.694661e+00
2.249659e+00 2.695258e+00
2.253749e+00 2.695848e+00
2.257839e+00 2.696430e+00
2.261929e+00 2.697005e+00
2.266019e+00 2.697572e+00
2.270109e+00 2.698131e+00
2.274199e+00 2.698682e+00
2.278289e+00 2.699225e+00
2.282379e+00 2.699760e+00
2.286469e+00 2.700287e+00
2.290559e+00 2.700806e+00
2.294650e+00 2.701316e+00
2.298740e+00 2.701817e+00
2.302830e+00 2.702310e+00
2.306920e+00 2.702795e+00
2.311010e+00 2.703270e+00
2.315100e+00 2.703737e+00
2.319190e+00 2.704194e+00
2.323280e+00 2.704642e+00
2.327370e+00 2.705082e+00
2.331460e+00 2.705511e+00
2.335550e+00 2.705932e+00
2.339641e+00 2.706343e+00
2.343731e+00 2.706744e+00
2.347821e+00 2.707135e+00
2.351911e+00 2.707517e+00
2.356001e+00 2.707888e+00
2.360091e+00 2.708249e+00
2.364181e+00 2.708600e+00
2.368271e+00 2.708941e+00
2.372361e+00 2.709271e+00
2.376451e+00 2.709591e+00
2.380541e+00 2.709899e+00
2.384632e+00 2.710197e+00
2.388722e+00 2.710484e+00
2.392812e+00 2.710760e+00
2.396902e+00 2.711025e+00
2.400992e+00 2.711278e+00
2.405082e+00 2.711520e+00
2.409172e+00 2.711750e+00
2.413262e+00 2.711968e+00
2.417352e+00 2.712175e+00
2.421442e+00 2.712369e+00
2.425532e+00 2.712552e+00
2.429623e+00 2.712722e+00
2.433713e+00 2.712881e+00
2.437803e+00 2.713026e+00
2.441893e+00 2.713159e+00
2.445983e+00 2.713280e+00
2.450073e+00 2.713388e+00
2.454163e+00 2.713483e+00
2.458253e+00 2.713565e+00
2.462343e+00 2.713633e+00
2.466433e+00 2.713689e+00
2.470523e+00 2.713732e+00
2.474614e+00 2.713761e+00
2.478704e+00 2.713776e+00
2.482794e+00 2.713778e+00
2.486884e+00 2.713766e+00
2.490974e+00 2.713741e+00
2.495064e+00 2.713701e+00
2.499154e+00 2.713648e+00
2.503244e+00 2.713580e+00
2.507334e+00 2.713498e+00
2.511424e+00 2.713402e+00
2.515514e+00 2.713291e+00
2.519605e+00 2.713166e+00
2.523695e+00 2.713026e+00
2.527785e+00 2.712871e+00
2.531875e+00 2.712701e+00
2.535965e+00 2.712517e+00
2.540055e+00 2.712317e+00
2.544145e+00 2.712103e+00
2.548235e+00 2.711873e+00
2.552325e+00 2.711629e+00
2.556415e+00 2.711370e+00
2.560505e+00 2.711096e+00
2.564596e+00 2.710806e+00
2.568686e+00 2.710502e+00
2.572776e+00 2.710182e+00
2.576866e+00 2.709848e+00
2.580956e+00 2.709498e+00
2.585046e+00 2.709133e+00
2.589136e+00 2.708753e+00
2.593226e+00 2.708358e+00
2.597316e+00 2.707948e+00
2.601406e+00 2.707522e+00
2.605496e+00 2.707081e+00
2.609587e+00 2.706625e+00
2.613677e+00 2.706154e+00
2.617767e+00 2.705667e+00
2.621857e+00 2.705165e+00
2.625947e+00 2.704647e+00
2.630037e+00 2.704115e+00
2.634127e+00 2.703567e+00
2.638217e+00 2.703005e+00
2.642307e+00 2.702427e+00
2.646397e+00 2.701835e+00
2.650487e+00 2.701229e+00
2.654578e+00 2.700609e+00
2.658668e+00 2.699974e+00
2.662758e+00 2.699325e+00
2.666848e+00 2.698663e+00
2.670938e+00 2.697988e+00
2.675028e+00 2.697298e+00
2.679118e+00 2.696596e+00
2.683208e+00 2.695881e+00
2.687298e+00 2.695152e+00
2.691388e+00 2.694411e+00
2.695478e+00 2.693658e+00
2.699569e+00 2.692892e+00
2.703659e+00 2.692114e+00
2.707749e+00 2.691323e+00
2.711839e+00 2.690521e+00
2.715929e+00 2.689708e+00
2.720019e+00 2.688882e+00
2.724109e+00 2.688045e+00
2.728199e+00 2.687198e+00
2.732289e+00 2.686339e+00
2.736379e+00 2.685471e+00
2.740469e+00 2.684592e+00
2.744560e+00 2.683704e+00
2.748650e+00 2.682807e+00
2.752740e+00 2.681900e+00
2.756830e+00 2.680986e+00
2.760920e+00 2.680063e+00
2.765010e+00 2.679132e+00
2.769100e+00 2.678194e+00
2.773190e+00 2.677249e+00
2.777280e+00 2.676297e+00
2.781370e+00 2.675339e+00
2.785460e+00 2.674375e+00
2.789551e+00 2.673405e+00
2.793641e+00 2.672430e+00
2.797731e+00 2.671450e+00
2.801821e+00 2.670465e+00
2.805911e+00 2.669476e+00
2.810001e+00 2.668484e+00
2.814091e+00 2.667488e+00
2.818181e+00 2.666488e+00
2.822271e+00 2.665486e+00
2.826361e+00 2.664482e+00
2.830451e+00 2.663475e+00
2.834542e+00 2.662466e+00
2.838632e+00 2.661455e+00
2.842722e+00 2.660442e+00
2.846812e+00 2.659428e+00
2.850902e+00 2.658413e+00
2.854992e+00 2.657397e+00
2.859082e+00 2.656380e+00
2.863172e+00 2.655362e+00
2.867262e+00 2.654344e+00
2.871352e+00 2.653327e+00
2.875442e+00 2.652309e+00
2.879533e+00 2.651292e+00
2.883623e+00 2.650275e+00
2.887713e+00 2.649260e+00
2.891803e+00 2.648245e+00
2.895893e+00 2.647232e+00
2.899983e+00 2.646220e+00
2.904073e+00 2.645210e+00
2.908163e+00 2.644203e+00
2.912253e+00 2.643197e+00
2.916343e+00 2.642194e+00
2.920433e+00 2.641194e+00
2.924524e+00 2.640196e+00
2.928614e+00 2.639200e+00
2.932704e+00 2.638207e+00
2.936794e+00 2.637216e+00
2.940884e+00 2.636227e+00
2.944974e+00 2.635240e+00
2.949064e+00 2.634256e+00
2.953154e+00 2.633273e+00
2.957244e+00 2.632292e+00
2.961334e+00 2.631314e+00
2.965424e+00 2.630337e+00
2.969515e+00 2.629362e+00
2.973605e+00 2.628389e+00
2.977695e+00 2.627417e+00
2.981785e+00 2.626447e+00
2.985875e+00 2.625479e+00
2.989965e+00 2.624512e+00
2.994055e+00 2.623546e+00
2.998145e+00 2.622582e+00
3.002235e+00 2.621619e+00
3.006325e+00 2.620657e+00
3.010415e+00 2.619697e+00
3.014506e+00 2.618737e+00
3.018596e+00 2.617779e+00
3.022686e+00 2.616822e+00
3.026776e+00 2.615867e+00
3.030866e+00 2.614913e+00
3.034956e+00 2.613961e+00
3.039046e+00 2.613011e+00
3.043136e+00 2.612063e+00
3.047226e+00 2.611117e+00
3.051316e+00 2.610173e+00
3.055406e+00 2.609231e+00
3.059497e+00 2.608292e+00
3.063587e+00 2.607356e+00
3.067677e+00 2.606422e+00
3.071767e+00 2.605491e+00
3.075857e+00 2.604563e+00
3.079947e+00 2.603638e+00
3.084037e+00 2.602716e+00
3.088127e+00 2.601798e+00
3.092217e+00 2.600883e+00
3.096307e+00 2.599971e+00
3.100397e+00 2.599063e+00
3.104488e+00 2.598159e+00
3.108578e+00 2.597259e+00
3.112668e+00 2.596363e+00
3.116758e+00 2.595471e+00
3.120848e+00 2.594583e+00
3.124938e+00 2.593699e+00
3.129028e+00 2.592819e+00
3.133118e+00 2.591943e+00
3.137208e+00 2.591071e+00
3.141298e+00 2.590203e+00
3.145388e+00 2.589340e+00
3.149478e+00 2.588480e+00
3.153569e+00 2.587624e+00
3.157659e+00 2.586772e+00
3.161749e+00 2.585925e+00
3.165839e+00 2.585081e+00
3.169929e+00 2.584242e+00
3.174019e+00 2.583407e+00
3.178109e+00 2.582575e+00
3.182199e+00 2.581748e+00
3.186289e+00 2.580925e+00
3.190379e+00 2.580106e+00
3.194469e+00 2.579292e+00
3.198560e+00 2.578481e+00
3.202650e+00 2.577674e+00
3.206740e+00 2.576872e+00
3.210830e+00 2.576073e+00
3.214920e+00 2.575279e+00
3.219010e+00 2.574489e+00
3.223100e+00 2.573704e+00
3.227190e+00 2.572922e+00
3.231280e+00 2.572145e+00
3.235370e+00 2.571373e+00
3.239460e+00 2.570604e+00
3.243551e+00 2.569840e+00
3.247641e+00 2.569081e+00
3.251731e+00 2.568326e+00
3.255821e+00 2.567576e+00
3.259911e+00 2.566830e+00
3.264001e+00 2.566089e+00
3.268091e+00 2.565352e+00
3.272181e+00 2.564620e+00
3.276271e+00 2.563893e+00
3.280361e+00 2.563171e+00
3.284451e+00 2.562453e+00
3.288542e+00 2.561740e+00
3.292632e+00 2.561032e+00
3.296722e+00 2.560329e+00
3.300812e+00 2.559631e+00
3.304902e+00 2.558938e+00
3.308992e+00 2.558250e+00
3.313082e+00 2.557566e+00
3.317172e+00 2.556888e+00
3.321262e+00 2.556215e+00
3.325352e+00 2.555547e+00
3.329442e+00 2.554884e+00
3.333533e+00 2.554226e+00
3.337623e+00 2.553573e+00
3.341713e+00 2.552925e+00
3.345803e+00 2.552282e+00
3.349893e+00 2.551644e+00
3.353983e+00 2.551012e+00
3.358073e+00 2.550384e+00
3.362163e+00 2.549762e+00
3.366253e+00 2.549145e+00
3.370343e+00 2.548533e+00
3.374433e+00 2.547926e+00
3.378524e+00 2.547325e+00
3.382614e+00 2.546729e+00
3.386704e+00 2.546138e+00
3.390794e+00 2.545552e+00
3.394884e+00 2.544971e+00
3.398974e+00 2.544396e+00
3.403064e+00 2.543826e+00
3.407154e+00 2.543262e+00
3.411244e+00 2.542702e+00
3.415334e+00 2.542148e+00
3.419424e+00 2.541600e+00
3.423515e+00 2.541057e+00
3.427605e+00 2.540519e+00
3.431695e+00 2.539987e+00
3.435785e+00 2.539460e+00
3.439875e+00 2.538938e+00
3.443965e+00 2.538422e+00
3.448055e+00 2.537912e+00
3.452145e+00 2.537407e+00
3.456235e+00 2.536908e+00
3.460325e+00 2.536414e+00
3.464415e+00 2.535925e+00
3.468506e+00 2.535443e+00
3.472596e+00 2.534965e+00
3.476686e+00 2.534494e+00
3.480776e+00 2.534028e+00
3.484866e+00 2.533568e+00
3.488956e+00 2.533113e+00
3.493046e+00 2.532664e+00
3.497136e+00 2.532221e+00
3.501226e+00 2.531783e+00
3.505316e+00 2.531351e+00
3.509406e+00 2.530925e+00
3.513497e+00 2.530505e+00
3.517587e+00 2.530090e+00
3.521677e+00 2.529681e+00
3.525767e+00 2.529278e+00
3.529857e+00 2.528881e+00
3.533947e+00 2.528489e+00
3.538037e+00 2.528104e+00
3.542127e+00 2.527724e+00
3.546217e+00 2.527349e+00
3.550307e+00 2.526981e+00
3.554397e+00 2.526618e+00
3.558488e+00 2.526262e+00
3.562578e+00 2.525911e+00
3.566668e+00 2.525566e+00
3.570758e+00 2.525226e+00
3.574848e+00 2.524893e+00
3.578938e+00 2.524565e+00
3.583028e+00 2.524244e+00
3.587118e+00 2.523928e+00
3.591208e+00 2.523618e+00
3.595298e+00 2.523314e+00
3.599388e+00 2.523016e+00
3.603479e+00 2.522723e+00
3.607569e+00 2.522437e+00
3.611659e+00 2.522156e+00
3.615749e+00 2.521882e+00
3.619839e+00 2.521613e+00
3.623929e+00 2.521350e+00
3.628019e+00 2.521093e+00
3.632109e+00 2.520842e+00
3.636199e+00 2.520597e+00
3.640289e+00 2.520357e+00
3.644379e+00 2.520124e+00
3.648470e+00 2.519896e+00
3.652560e+00 2.519674e+00
3.656650e+00 2.519458e+00
3.660740e+00 2.519248e+00
3.664830e+00 2.519044e+00
3.668920e+00 2.518846e+00
3.673010e+00 2.518653e+00
3.677100e+00 2.518467e+00
3.681190e+00 2.518286e+00
3.685280e+00 2.518111e+00
3.689370e+00 2.517942e+00
3.693461e+00 2.517778e+00
3.697551e+00 2.517621e+00
3.701641e+00 2.517469e+00
3.705731e+00 2.517323e+00
3.709821e+00 2.517183e+00
3.713911e+00 2.517049e+00
3.718001e+00 2.516920e+00
3.722091e+00 2.516797e+00
3.726181e+00 2.516680e+00
3.730271e+00 2.516569e+00
3.734361e+00 2.516463e+00
3.738452e+00 2.516363e+00
3.742542e+00 2.516269e+00
3.746632e+00 2.516180e+00
3.750722e+00 2.516097e+00
3.754812e+00 2.516019e+00
3.758902e+00 2.515947e+00
3.762992e+00 2.515881e+00
3.767082e+00 2.515820e+00
3.771172e+00 2.515765e+00
3.775262e+00 2.515715e+00
3.779352e+00 2.515671e+00
3.783443e+00 2.515632e+00
3.787533e+00 2.515599e+00
3.791623e+00 2.515571e+00
3.795713e+00 2.515548e+00
3.799803e+00 2.515532e+00
3.803893e+00 2.515520e+00
3.807983e+00 2.515514e+00
3.812073e+00 2.515513e+00
3.816163e+00 2.515517e+00
3.820253e+00 2.515527e+00
3.824343e+00 2.515542e+00
3.828434e+00 2.515562e+00
3.832524e+00 2.515587e+00
3.836614e+00 2.515618e+00
3.840704e+00 2.515654e+00
3.844794e+00 2.515694e+00
3.848884e+00 2.515740e+00
3.852974e+00 2.515791e+00
3.857064e+00 2.515847e+00
3.861154e+00 2.515908e+00
3.865244e+00 2.515974e+00
3.869334e+00 2.516045e+00
3.873425e+00 2.516121e+00
3.877515e+00 2.516202e+00
3.881605e+00 2.516288e+00
3.885695e+00 2.516378e+00
3.889785e+00 2.516474e+00
3.893875e+00 2.516574e+00
3.897965e+00 2.516679e+00
3.902055e+00 2.516789e+00
3.906145e+00 2.516903e+00
3.910235e+00 2.517022e+00
3.914325e+00 2.517146e+00
3.918416e+00 2.517274e+00
3.922506e+00 2.517407e+00
3.926596e+00 2.517544e+00
3.930686e+00 2.517686e+00
3.934776e+00 2.517832e+00
3.938866e+00 2.517982e+00
3.942956e+00 2.518137e+00
3.947046e+00 2.518297e+00
3.951136e+00 2.518460e+00
3.955226e+00 2.518628e+00
3.959316e+00 2.518801e+00
3.963407e+00 2.518977e+00
3.967497e+00 2.519158e+00
3.971587e+00 2.519342e+00
3.975677e+00 2.519531e+00
3.979767e+00 2.519724e+00
3.983857e+00 2.519921e+00
3.987947e+00 2.520122e+00
3.992037e+00 2.520327e+00
3.996127e+00 2.520536e+00
4.000217e+00 2.520748e+00
4.004307e+00 2.520965e+00
4.008398e+00 2.521186e+00
4.012488e+00 2.521410e+00
4.016578e+00 2.521638e+00
4.020668e+00 2.521869e+00
4.024758e+00 2.522105e+00
4.028848e+00 2.522344e+00
4.032938e+00 2.522587e+00
4.037028e+00 2.522833e+00
4.041118e+00 2.523083e+00
4.045208e+00 2.523336e+00
4.049298e+00 2.523593e+00
4.053389e+00 2.523853e+00
4.057479e+00 2.524117e+00
4.061569e+00 2.524384e+00
4.065659e+00 2.524654e+00
4.069749e+00 2.524928e+00
4.073839e+00 2.525205e+00
4.077929e+00 2.525485e+00
4.082019e+00 2.525768e+00
4.086109e+00 2.526055e+00
4.090199e+00 2.526344e+00
4.094289e+00 2.526637e+00
4.098380e+00 2.526933e+00
4.102470e+00 2.527232e+00
4.106560e+00 2.527533e+00
4.110650e+00 2.527838e+00
4.114740e+00 2.528146e+00
4.118830e+00 2.528456e+00
4.122920e+00 2.528769e+00
4.127010e+00 2.529085e+00
4.131100e+00 2.529404e+00
4.135190e+00 2.529726e+00
4.139280e+00 2.530050e+00
4.143371e+00 2.530376e+00
4.147461e+00 2.530706e+00
4.151551e+00 2.531038e+00
4.155641e+00 2.531372e+00
4.159731e+00 2.531709e+00
4.163821e+00 2.532048e+00
4.167911e+00 2.532390e+00
4.172001e+00 2.532734e+00
4.176091e+00 2.533080e+00
