-6.000000e+00 -1.806108e+01
-5.000000e+00 -1.409497e+01
-4.000000e+00 -1.012886e+01
-3.995910e+00 -1.011264e+01
-3.991820e+00 -1.009642e+01
-3.987730e+00 -1.008020e+01
-3.983640e+00 -1.006398e+01
-3.979550e+00 -1.004776e+01
-3.975459e+00 -1.003153e+01
-3.971369e+00 -1.001531e+01
-3.967279e+00 -9.999090e+00
-3.963189e+00 -9.982869e+00
-3.959099e+00 -9.966648e+00
-3.955009e+00 -9.950426e+00
-3.950919e+00 -9.934205e+00
-3.946829e+00 -9.917985e+00
-3.942739e+00 -9.901764e+00
-3.938649e+00 -9.885543e+00
-3.934559e+00 -9.869322e+00
-3.930468e+00 -9.853097e+00
-3.926378e+00 -9.836876e+00
-3.922288e+00 -9.820656e+00
-3.918198e+00 -9.804435e+00
-3.914108e+00 -9.788215e+00
-3.910018e+00 -9.771994e+00
-3.905928e+00 -9.755773e+00
-3.901838e+00 -9.739553e+00
-3.897748e+00 -9.723333e+00
-3.893658e+00 -9.707112e+00
-3.889568e+00 -9.690892e+00
-3.885477e+00 -9.674668e+00
-3.881387e+00 -9.658447e+00
-3.877297e+00 -9.642227e+00
-3.873207e+00 -9.626007e+00
-3.869117e+00 -9.609787e+00
-3.865027e+00 -9.593567e+00
-3.860937e+00 -9.577347e+00
-3.856847e+00 -9.561127e+00
-3.852757e+00 -9.544908e+00
-3.848667e+00 -9.528688e+00
-3.844577e+00 -9.512468e+00
-3.840486e+00 -9.496244e+00
-3.836396e+00 -9.480025e+00
-3.832306e+00 -9.463805e+00
-3.828216e+00 -9.447586e+00
-3.824126e+00 -9.431367e+00
-3.820036e+00 -9.415147e+00
-3.815946e+00 -9.398928e+00
-3.811856e+00 -9.382709e+00
-3.807766e+00 -9.366490e+00
-3.803676e+00 -9.350271e+00
-3.799586e+00 -9.334052e+00
-3.795495e+00 -9.317829e+00
-3.791405e+00 -9.301610e+00
-3.787315e+00 -9.285391e+00
-3.783225e+00 -9.269173e+00
-3.779135e+00 -9.252954e+00
-3.775045e+00 -9.236735e+00
-3.770955e+00 -9.220517e+00
-3.766865e+00 -9.204299e+00
-3.762775e+00 -9.188081e+00
-3.758685e+00 -9.171862e+00
-3.754595e+00 -9.155644e+00
-3.750504e+00 -9.139422e+00
-3.746414e+00 -9.123205e+00
-3.742324e+00 -9.106987e+00
-3.738234e+00 -9.090769e+00
-3.734144e+00 -9.074552e+00
-3.730054e+00 -9.058334e+00
-3.725964e+00 -9.042117e+00
-3.721874e+00 -9.025900e+00
-3.717784e+00 -9.009682e+00
-3.713694e+00 -8.993465e+00
-3.709604e+00 -8.977249e+00
-3.705513e+00 -8.961028e+00
-3.701423e+00 -8.944811e+00
-3.697333e+00 -8.928595e+00
-3.693243e+00 -8.912378e+00
-3.689153e+00 -8.896162e+00
-3.685063e+00 -8.879946e+00
-3.680973e+00 -8.863729e+00
-3.676883e+00 -8.847513e+00
-3.672793e+00 -8.831298e+00
-3.668703e+00 -8.815082e+00
-3.664613e+00 -8.798866e+00
-3.660522e+00 -8.782647e+00
-3.656432e+00 -8.766432e+00
-3.652342e+00 -8.750217e+00
-3.648252e+00 -8.734002e+00
-3.644162e+00 -8.717787e+00
-3.640072e+00 -8.701572e+00
-3.635982e+00 -8.685358e+00
-3.631892e+00 -8.669143e+00
-3.627802e+00 -8.652929e+00
-3.623712e+00 -8.636715e+00
-3.619622e+00 -8.620501e+00
-3.615531e+00 -8.604284e+00
-3.611441e+00 -8.588070e+00
-3.607351e+00 -8.571857e+00
-3.603261e+00 -8.555644e+00
-3.599171e+00 -8.539431e+00
-3.595081e+00 -8.523218e+00
-3.590991e+00 -8.507006e+00
-3.586901e+00 -8.490793e+00
-3.582811e+00 -8.474581e+00
-3.578721e+00 -8.458369e+00
-3.574631e+00 -8.442157e+00
-3.570540e+00 -8.425942e+00
-3.566450e+00 -8.409730e+00
-3.562360e+00 -8.393519e+00
-3.558270e+00 -8.377308e+00
-3.554180e+00 -8.361098e+00
-3.550090e+00 -8.344887e+00
-3.546000e+00 -8.328677e+00
-3.541910e+00 -8.312467e+00
-3.537820e+00 -8.296257e+00
-3.533730e+00 -8.280048e+00
-3.529640e+00 -8.263838e+00
-3.525549e+00 -8.247625e+00
-3.521459e+00 -8.231417e+00
-3.517369e+00 -8.215208e+00
-3.513279e+00 -8.199000e+00
-3.509189e+00 -8.182792e+00
-3.505099e+00 -8.166584e+00
-3.501009e+00 -8.150377e+00
-3.496919e+00 -8.134170e+00
-3.492829e+00 -8.117963e+00
-3.488739e+00 -8.101756e+00
-3.484649e+00 -8.085550e+00
-3.480558e+00 -8.069340e+00
-3.476468e+00 -8.053135e+00
-3.472378e+00 -8.036930e+00
-3.468288e+00 -8.020725e+00
-3.464198e+00 -8.004520e+00
-3.460108e+00 -7.988316e+00
-3.456018e+00 -7.972112e+00
-3.451928e+00 -7.955909e+00
-3.447838e+00 -7.939706e+00
-3.443748e+00 -7.923503e+00
-3.439658e+00 -7.907300e+00
-3.435567e+00 -7.891094e+00
-3.431477e+00 -7.874893e+00
-3.427387e+00 -7.858692e+00
-3.423297e+00 -7.842491e+00
-3.419207e+00 -7.826290e+00
-3.415117e+00 -7.810090e+00
-3.411027e+00 -7.793891e+00
-3.406937e+00 -7.777691e+00
-3.402847e+00 -7.761493e+00
-3.398757e+00 -7.745294e+00
-3.394667e+00 -7.729096e+00
-3.390576e+00 -7.712895e+00
-3.386486e+00 -7.696698e+00
-3.382396e+00 -7.680501e+00
-3.378306e+00 -7.664305e+00
-3.374216e+00 -7.648110e+00
-3.370126e+00 -7.631915e+00
-3.366036e+00 -7.615720e+00
-3.361946e+00 -7.599526e+00
-3.357856e+00 -7.583333e+00
-3.353766e+00 -7.567140e+00
-3.349676e+00 -7.550947e+00
-3.345585e+00 -7.534752e+00
-3.341495e+00 -7.518560e+00
-3.337405e+00 -7.502370e+00
-3.333315e+00 -7.486180e+00
-3.329225e+00 -7.469990e+00
-3.325135e+00 -7.453801e+00
-3.321045e+00 -7.437613e+00
-3.316955e+00 -7.421425e+00
-3.312865e+00 -7.405238e+00
-3.308775e+00 -7.389052e+00
-3.304685e+00 -7.372866e+00
-3.300594e+00 -7.356678e+00
-3.296504e+00 -7.340493e+00
-3.292414e+00 -7.324310e+00
-3.288324e+00 -7.308127e+00
-3.284234e+00 -7.291944e+00
-3.280144e+00 -7.275763e+00
-3.276054e+00 -7.259582e+00
-3.271964e+00 -7.243402e+00
-3.267874e+00 -7.227223e+00
-3.263784e+00 -7.211044e+00
-3.259694e+00 -7.194867e+00
-3.255603e+00 -7.178686e+00
-3.251513e+00 -7.162510e+00
-3.247423e+00 -7.146334e+00
-3.243333e+00 -7.130160e+00
-3.239243e+00 -7.113986e+00
-3.235153e+00 -7.097813e+00
-3.231063e+00 -7.081642e+00
-3.226973e+00 -7.065471e+00
-3.222883e+00 -7.049300e+00
-3.218793e+00 -7.033131e+00
-3.214703e+00 -7.016963e+00
-3.210612e+00 -7.000792e+00
-3.206522e+00 -6.984626e+00
-3.202432e+00 -6.968460e+00
-3.198342e+00 -6.952296e+00
-3.194252e+00 -6.936133e+00
-3.190162e+00 -6.919971e+00
-3.186072e+00 -6.903810e+00
-3.181982e+00 -6.887650e+00
-3.177892e+00 -6.871491e+00
-3.173802e+00 -6.855333e+00
-3.169712e+00 -6.839176e+00
-3.165622e+00 -6.823020e+00
-3.161531e+00 -6.806862e+00
-3.157441e+00 -6.790709e+00
-3.153351e+00 -6.774557e+00
-3.149261e+00 -6.758406e+00
-3.145171e+00 -6.742256e+00
-3.141081e+00 -6.726108e+00
-3.136991e+00 -6.709961e+00
-3.132901e+00 -6.693815e+00
-3.128811e+00 -6.677670e+00
-3.124721e+00 -6.661527e+00
-3.120631e+00 -6.645385e+00
-3.116540e+00 -6.629241e+00
-3.112450e+00 -6.613102e+00
-3.108360e+00 -6.596964e+00
-3.104270e+00 -6.580827e+00
-3.100180e+00 -6.564692e+00
-3.096090e+00 -6.548559e+00
-3.092000e+00 -6.532427e+00
-3.087910e+00 -6.516296e+00
-3.083820e+00 -6.500167e+00
-3.079730e+00 -6.484039e+00
-3.075640e+00 -6.467913e+00
-3.071549e+00 -6.451785e+00
-3.067459e+00 -6.435662e+00
-3.063369e+00 -6.419541e+00
-3.059279e+00 -6.403422e+00
-3.055189e+00 -6.387304e+00
-3.051099e+00 -6.371188e+00
-3.047009e+00 -6.355074e+00
-3.042919e+00 -6.338961e+00
-3.038829e+00 -6.322850e+00
-3.034739e+00 -6.306741e+00
-3.030649e+00 -6.290634e+00
-3.026558e+00 -6.274525e+00
-3.022468e+00 -6.258422e+00
-3.018378e+00 -6.242320e+00
-3.014288e+00 -6.226220e+00
-3.010198e+00 -6.210123e+00
-3.006108e+00 -6.194027e+00
-3.002018e+00 -6.177934e+00
-2.997928e+00 -6.161842e+00
-2.993838e+00 -6.145752e+00
-2.989748e+00 -6.129665e+00
-2.985658e+00 -6.113579e+00
-2.981567e+00 -6.097492e+00
-2.977477e+00 -6.081411e+00
-2.973387e+00 -6.065332e+00
-2.969297e+00 -6.049255e+00
-2.965207e+00 -6.033180e+00
-2.961117e+00 -6.017108e+00
-2.957027e+00 -6.001038e+00
-2.952937e+00 -5.984970e+00
-2.948847e+00 -5.968905e+00
-2.944757e+00 -5.952842e+00
-2.940667e+00 -5.936781e+00
-2.936576e+00 -5.920719e+00
-2.932486e+00 -5.904663e+00
-2.928396e+00 -5.888610e+00
-2.924306e+00 -5.872559e+00
-2.920216e+00 -5.856511e+00
-2.916126e+00 -5.840466e+00
-2.912036e+00 -5.824423e+00
-2.907946e+00 -5.808383e+00
-2.903856e+00 -5.792345e+00
-2.899766e+00 -5.776310e+00
-2.895676e+00 -5.760278e+00
-2.891585e+00 -5.744245e+00
-2.887495e+00 -5.728219e+00
-2.883405e+00 -5.712195e+00
-2.879315e+00 -5.696174e+00
-2.875225e+00 -5.680157e+00
-2.871135e+00 -5.664142e+00
-2.867045e+00 -5.648130e+00
-2.862955e+00 -5.632121e+00
-2.858865e+00 -5.616115e+00
-2.854775e+00 -5.600113e+00
-2.850685e+00 -5.584113e+00
-2.846594e+00 -5.568113e+00
-2.842504e+00 -5.552119e+00
-2.838414e+00 -5.536129e+00
-2.834324e+00 -5.520142e+00
-2.830234e+00 -5.504159e+00
-2.826144e+00 -5.488178e+00
-2.822054e+00 -5.472202e+00
-2.817964e+00 -5.456228e+00
-2.813874e+00 -5.440258e+00
-2.809784e+00 -5.424291e+00
-2.805694e+00 -5.408328e+00
-2.801603e+00 -5.392365e+00
-2.797513e+00 -5.376409e+00
-2.793423e+00 -5.360456e+00
-2.789333e+00 -5.344508e+00
-2.785243e+00 -5.328563e+00
-2.781153e+00 -5.312622e+00
-2.777063e+00 -5.296685e+00
-2.772973e+00 -5.280751e+00
-2.768883e+00 -5.264822e+00
-2.764793e+00 -5.248897e+00
-2.760703e+00 -5.232975e+00
-2.756612e+00 -5.217054e+00
-2.752522e+00 -5.201141e+00
-2.748432e+00 -5.185232e+00
-2.744342e+00 -5.169327e+00
-2.740252e+00 -5.153426e+00
-2.736162e+00 -5.137530e+00
-2.732072e+00 -5.121638e+00
-2.727982e+00 -5.105750e+00
-2.723892e+00 -5.089867e+00
-2.719802e+00 -5.073989e+00
-2.715712e+00 -5.058114e+00
-2.711621e+00 -5.042241e+00
-2.707531e+00 -5.026376e+00
-2.703441e+00 -5.010516e+00
-2.699351e+00 -4.994660e+00
-2.695261e+00 -4.978809e+00
-2.691171e+00 -4.962963e+00
-2.687081e+00 -4.947122e+00
-2.682991e+00 -4.931285e+00
-2.678901e+00 -4.915454e+00
-2.674811e+00 -4.899627e+00
-2.670721e+00 -4.883806e+00
-2.666630e+00 -4.867986e+00
-2.662540e+00 -4.852175e+00
-2.658450e+00 -4.836369e+00
-2.654360e+00 -4.820568e+00
-2.650270e+00 -4.804773e+00
-2.646180e+00 -4.788983e+00
-2.642090e+00 -4.773199e+00
-2.638000e+00 -4.757420e+00
-2.633910e+00 -4.741646e+00
-2.629820e+00 -4.725879e+00
-2.625730e+00 -4.710117e+00
-2.621639e+00 -4.694356e+00
-2.617549e+00 -4.678606e+00
-2.613459e+00 -4.662861e+00
-2.609369e+00 -4.647123e+00
-2.605279e+00 -4.631390e+00
-2.601189e+00 -4.615663e+00
-2.597099e+00 -4.599943e+00
-2.593009e+00 -4.584228e+00
-2.588919e+00 -4.568520e+00
-2.584829e+00 -4.552818e+00
-2.580739e+00 -4.537123e+00
-2.576648e+00 -4.521430e+00
-2.572558e+00 -4.505747e+00
-2.568468e+00 -4.490071e+00
-2.564378e+00 -4.474401e+00
-2.560288e+00 -4.458738e+00
-2.556198e+00 -4.443082e+00
-2.552108e+00 -4.427432e+00
-2.548018e+00 -4.411789e+00
-2.543928e+00 -4.396154e+00
-2.539838e+00 -4.380524e+00
-2.535748e+00 -4.364902e+00
-2.531657e+00 -4.349284e+00
-2.527567e+00 -4.333676e+00
-2.523477e+00 -4.318075e+00
-2.519387e+00 -4.302482e+00
-2.515297e+00 -4.286896e+00
-2.511207e+00 -4.271317e+00
-2.507117e+00 -4.255746e+00
-2.503027e+00 -4.240182e+00
-2.498937e+00 -4.224626e+00
-2.494847e+00 -4.209078e+00
-2.490757e+00 -4.193537e+00
-2.486666e+00 -4.178001e+00
-2.482576e+00 -4.162476e+00
-2.478486e+00 -4.146960e+00
-2.474396e+00 -4.131451e+00
-2.470306e+00 -4.115950e+00
-2.466216e+00 -4.100458e+00
-2.462126e+00 -4.084974e+00
-2.458036e+00 -4.069499e+00
-2.453946e+00 -4.054031e+00
-2.449856e+00 -4.038573e+00
-2.445766e+00 -4.023123e+00
-2.441675e+00 -4.007677e+00
-2.437585e+00 -3.992245e+00
-2.433495e+00 -3.976821e+00
-2.429405e+00 -3.961406e+00
-2.425315e+00 -3.946000e+00
-2.421225e+00 -3.930603e+00
-2.417135e+00 -3.915215e+00
-2.413045e+00 -3.899836e+00
-2.408955e+00 -3.884467e+00
-2.404865e+00 -3.869106e+00
-2.400775e+00 -3.853755e+00
-2.396684e+00 -3.838410e+00
-2.392594e+00 -3.823079e+00
-2.388504e+00 -3.807756e+00
-2.384414e+00 -3.792444e+00
-2.380324e+00 -3.777141e+00
-2.376234e+00 -3.761848e+00
-2.372144e+00 -3.746566e+00
-2.368054e+00 -3.731293e+00
-2.363964e+00 -3.716030e+00
-2.359874e+00 -3.700778e+00
-2.355784e+00 -3.685536e+00
-2.351693e+00 -3.670301e+00
-2.347603e+00 -3.655080e+00
-2.343513e+00 -3.639870e+00
-2.339423e+00 -3.624670e+00
-2.335333e+00 -3.609481e+00
-2.331243e+00 -3.594303e+00
-2.327153e+00 -3.579137e+00
-2.323063e+00 -3.563981e+00
-2.318973e+00 -3.548836e+00
-2.314883e+00 -3.533702e+00
-2.310793e+00 -3.518580e+00
-2.306702e+00 -3.503466e+00
-2.302612e+00 -3.488367e+00
-2.298522e+00 -3.473279e+00
-2.294432e+00 -3.458204e+00
-2.290342e+00 -3.443140e+00
-2.286252e+00 -3.428088e+00
-2.282162e+00 -3.413048e+00
-2.278072e+00 -3.398020e+00
-2.273982e+00 -3.383005e+00
-2.269892e+00 -3.368002e+00
-2.265802e+00 -3.353011e+00
-2.261711e+00 -3.338029e+00
-2.257621e+00 -3.323064e+00
-2.253531e+00 -3.308111e+00
-2.249441e+00 -3.293172e+00
-2.245351e+00 -3.278247e+00
-2.241261e+00 -3.263334e+00
-2.237171e+00 -3.248433e+00
-2.233081e+00 -3.233543e+00
-2.228991e+00 -3.218665e+00
-2.224901e+00 -3.203799e+00
-2.220811e+00 -3.188948e+00
-2.216720e+00 -3.174111e+00
-2.212630e+00 -3.159293e+00
-2.208540e+00 -3.144490e+00
-2.204450e+00 -3.129702e+00
-2.200360e+00 -3.114927e+00
-2.196270e+00 -3.100166e+00
-2.192180e+00 -3.085420e+00
-2.188090e+00 -3.070688e+00
-2.184000e+00 -3.055972e+00
-2.179910e+00 -3.041271e+00
-2.175820e+00 -3.026585e+00
-2.171729e+00 -3.011910e+00
-2.167639e+00 -2.997255e+00
-2.163549e+00 -2.982615e+00
-2.159459e+00 -2.967991e+00
-2.155369e+00 -2.953382e+00
-2.151279e+00 -2.938790e+00
-2.147189e+00 -2.924214e+00
-2.143099e+00 -2.909654e+00
-2.139009e+00 -2.895111e+00
-2.134919e+00 -2.880584e+00
-2.130829e+00 -2.866073e+00
-2.126738e+00 -2.851576e+00
-2.122648e+00 -2.837100e+00
-2.118558e+00 -2.822642e+00
-2.114468e+00 -2.808204e+00
-2.110378e+00 -2.793784e+00
-2.106288e+00 -2.779382e+00
-2.102198e+00 -2.764995e+00
-2.098108e+00 -2.750626e+00
-2.094018e+00 -2.736273e+00
-2.089928e+00 -2.721938e+00
-2.085838e+00 -2.707623e+00
-2.081747e+00 -2.693322e+00
-2.077657e+00 -2.679045e+00
-2.073567e+00 -2.664786e+00
-2.069477e+00 -2.650546e+00
-2.065387e+00 -2.636326e+00
-2.061297e+00 -2.622125e+00
-2.057207e+00 -2.607944e+00
-2.053117e+00 -2.593782e+00
-2.049027e+00 -2.579641e+00
-2.044937e+00 -2.565521e+00
-2.040847e+00 -2.551420e+00
-2.036756e+00 -2.537337e+00
-2.032666e+00 -2.523278e+00
-2.028576e+00 -2.509239e+00
-2.024486e+00 -2.495221e+00
-2.020396e+00 -2.481225e+00
-2.016306e+00 -2.467250e+00
-2.012216e+00 -2.453298e+00
-2.008126e+00 -2.439369e+00
-2.004036e+00 -2.425462e+00
-1.999946e+00 -2.411578e+00
-1.995856e+00 -2.397716e+00
-1.991765e+00 -2.383874e+00
-1.987675e+00 -2.370059e+00
-1.983585e+00 -2.356267e+00
-1.979495e+00 -2.342499e+00
-1.975405e+00 -2.328754e+00
-1.971315e+00 -2.315035e+00
-1.967225e+00 -2.301339e+00
-1.963135e+00 -2.287668e+00
-1.959045e+00 -2.274023e+00
-1.954955e+00 -2.260403e+00
-1.950865e+00 -2.246809e+00
-1.946774e+00 -2.233237e+00
-1.942684e+00 -2.219695e+00
-1.938594e+00 -2.206178e+00
-1.934504e+00 -2.192688e+00
-1.930414e+00 -2.179225e+00
-1.926324e+00 -2.165789e+00
-1.922234e+00 -2.152380e+00
-1.918144e+00 -2.139000e+00
-1.914054e+00 -2.125647e+00
-1.909964e+00 -2.112323e+00
-1.905874e+00 -2.099027e+00
-1.901783e+00 -2.085757e+00
-1.897693e+00 -2.072520e+00
-1.893603e+00 -2.059311e+00
-1.889513e+00 -2.046133e+00
-1.885423e+00 -2.032985e+00
-1.881333e+00 -2.019868e+00
-1.877243e+00 -2.006781e+00
-1.873153e+00 -1.993726e+00
-1.869063e+00 -1.980702e+00
-1.864973e+00 -1.967710e+00
-1.860883e+00 -1.954750e+00
-1.856792e+00 -1.941820e+00
-1.852702e+00 -1.928925e+00
-1.848612e+00 -1.916064e+00
-1.844522e+00 -1.903237e+00
-1.840432e+00 -1.890444e+00
-1.836342e+00 -1.877685e+00
-1.832252e+00 -1.864960e+00
-1.828162e+00 -1.852271e+00
-1.824072e+00 -1.839617e+00
-1.819982e+00 -1.826999e+00
-1.815892e+00 -1.814418e+00
-1.811801e+00 -1.801870e+00
-1.807711e+00 -1.789362e+00
-1.803621e+00 -1.776891e+00
-1.799531e+00 -1.764459e+00
-1.795441e+00 -1.752064e+00
-1.791351e+00 -1.739709e+00
-1.787261e+00 -1.727392e+00
-1.783171e+00 -1.715115e+00
-1.779081e+00 -1.702877e+00
-1.774991e+00 -1.690680e+00
-1.770901e+00 -1.678524e+00
-1.766810e+00 -1.666406e+00
-1.762720e+00 -1.654332e+00
-1.758630e+00 -1.642300e+00
-1.754540e+00 -1.630311e+00
-1.750450e+00 -1.618364e+00
-1.746360e+00 -1.606461e+00
-1.742270e+00 -1.594601e+00
-1.738180e+00 -1.582785e+00
-1.734090e+00 -1.571014e+00
-1.730000e+00 -1.559288e+00
-1.725910e+00 -1.547608e+00
-1.721819e+00 -1.535970e+00
-1.717729e+00 -1.524381e+00
-1.713639e+00 -1.512839e+00
-1.709549e+00 -1.501345e+00
-1.705459e+00 -1.489897e+00
-1.701369e+00 -1.478498e+00
-1.697279e+00 -1.467147e+00
-1.693189e+00 -1.455844e+00
-1.689099e+00 -1.444591e+00
-1.685009e+00 -1.433388e+00
-1.680919e+00 -1.422234e+00
-1.676828e+00 -1.411128e+00
-1.672738e+00 -1.400075e+00
-1.668648e+00 -1.389074e+00
-1.664558e+00 -1.378124e+00
-1.660468e+00 -1.367226e+00
-1.656378e+00 -1.356380e+00
-1.652288e+00 -1.345586e+00
-1.648198e+00 -1.334845e+00
-1.644108e+00 -1.324158e+00
-1.640018e+00 -1.313524e+00
-1.635928e+00 -1.302943e+00
-1.631837e+00 -1.292414e+00
-1.627747e+00 -1.281942e+00
-1.623657e+00 -1.271524e+00
-1.619567e+00 -1.261161e+00
-1.615477e+00 -1.250853e+00
-1.611387e+00 -1.240600e+00
-1.607297e+00 -1.230403e+00
-1.603207e+00 -1.220260e+00
-1.599117e+00 -1.210173e+00
-1.595027e+00 -1.200142e+00
-1.590937e+00 -1.190166e+00
-1.586847e+00 -1.180245e+00
-1.582756e+00 -1.170378e+00
-1.578666e+00 -1.160569e+00
-1.574576e+00 -1.150815e+00
-1.570486e+00 -1.141116e+00
-1.566396e+00 -1.131473e+00
-1.562306e+00 -1.121885e+00
-1.558216e+00 -1.112351e+00
-1.554126e+00 -1.102872e+00
-1.550036e+00 -1.093447e+00
-1.545946e+00 -1.084075e+00
-1.541856e+00 -1.074757e+00
-1.537765e+00 -1.065490e+00
-1.533675e+00 -1.056277e+00
-1.529585e+00 -1.047115e+00
-1.525495e+00 -1.038005e+00
-1.521405e+00 -1.028945e+00
-1.517315e+00 -1.019935e+00
-1.513225e+00 -1.010973e+00
-1.509135e+00 -1.002059e+00
-1.505045e+00 -9.931923e-01
-1.500955e+00 -9.843713e-01
-1.496865e+00 -9.755950e-01
-1.492774e+00 -9.668603e-01
-1.488684e+00 -9.581699e-01
-1.484594e+00 -9.495205e-01
-1.480504e+00 -9.409104e-01
-1.476414e+00 -9.323383e-01
-1.472324e+00 -9.238031e-01
-1.468234e+00 -9.153033e-01
-1.464144e+00 -9.068375e-01
-1.460054e+00 -8.984031e-01
-1.455964e+00 -8.899968e-01
-1.451874e+00 -8.816155e-01
-1.447783e+00 -8.732562e-01
-1.443693e+00 -8.649253e-01
-1.439603e+00 -8.566232e-01
-1.435513e+00 -8.483520e-01
-1.431423e+00 -8.401101e-01
-1.427333e+00 -8.318943e-01
-1.423243e+00 -8.237013e-01
-1.419153e+00 -8.155269e-01
-1.415063e+00 -8.073659e-01
-1.410973e+00 -7.992128e-01
-1.406883e+00 -7.910622e-01
-1.402792e+00 -7.829083e-01
-1.398702e+00 -7.747526e-01
-1.394612e+00 -7.665902e-01
-1.390522e+00 -7.584182e-01
-1.386432e+00 -7.502334e-01
-1.382342e+00 -7.420324e-01
-1.378252e+00 -7.338117e-01
-1.374162e+00 -7.255682e-01
-1.370072e+00 -7.172992e-01
-1.365982e+00 -7.090017e-01
-1.361892e+00 -7.006730e-01
-1.357801e+00 -6.923087e-01
-1.353711e+00 -6.839103e-01
-1.349621e+00 -6.754737e-01
-1.345531e+00 -6.669968e-01
-1.341441e+00 -6.584780e-01
-1.337351e+00 -6.499159e-01
-1.333261e+00 -6.413090e-01
-1.329171e+00 -6.326565e-01
-1.325081e+00 -6.239576e-01
-1.320991e+00 -6.152117e-01
-1.316901e+00 -6.064186e-01
-1.312810e+00 -5.975761e-01
-1.308720e+00 -5.886890e-01
-1.304630e+00 -5.797552e-01
-1.300540e+00 -5.707756e-01
-1.296450e+00 -5.617512e-01
-1.292360e+00 -5.526829e-01
-1.288270e+00 -5.435721e-01
-1.284180e+00 -5.344208e-01
-1.280090e+00 -5.252311e-01
-1.276000e+00 -5.160048e-01
-1.271910e+00 -5.067425e-01
-1.267819e+00 -4.974421e-01
-1.263729e+00 -4.881085e-01
-1.259639e+00 -4.787432e-01
-1.255549e+00 -4.693563e-01
-1.251459e+00 -4.599583e-01
-1.247369e+00 -4.505568e-01
-1.243279e+00 -4.411367e-01
-1.239189e+00 -4.316715e-01
-1.235099e+00 -4.221353e-01
-1.231009e+00 -4.125203e-01
-1.226919e+00 -4.028564e-01
-1.222828e+00 -3.931757e-01
-1.218738e+00 -3.835174e-01
-1.214648e+00 -3.739131e-01
-1.210558e+00 -3.643798e-01
-1.206468e+00 -3.549087e-01
-1.202378e+00 -3.454890e-01
-1.198288e+00 -3.361099e-01
-1.194198e+00 -3.267616e-01
-1.190108e+00 -3.174499e-01
-1.186018e+00 -3.081900e-01
-1.181928e+00 -2.989970e-01
-1.177837e+00 -2.898843e-01
-1.173747e+00 -2.808694e-01
-1.169657e+00 -2.719585e-01
-1.165567e+00 -2.631590e-01
-1.161477e+00 -2.544788e-01
-1.157387e+00 -2.459254e-01
-1.153297e+00 -2.375073e-01
-1.149207e+00 -2.292330e-01
-1.145117e+00 -2.211112e-01
-1.141027e+00 -2.131502e-01
-1.136937e+00 -2.053557e-01
-1.132846e+00 -1.977305e-01
-1.128756e+00 -1.902829e-01
-1.124666e+00 -1.830154e-01
-1.120576e+00 -1.759297e-01
-1.116486e+00 -1.690268e-01
-1.112396e+00 -1.623074e-01
-1.108306e+00 -1.557715e-01
-1.104216e+00 -1.494166e-01
-1.100126e+00 -1.432388e-01
-1.096036e+00 -1.372346e-01
-1.091946e+00 -1.313993e-01
-1.087855e+00 -1.257246e-01
-1.083765e+00 -1.202061e-01
-1.079675e+00 -1.148352e-01
-1.075585e+00 -1.096029e-01
-1.071495e+00 -1.044993e-01
-1.067405e+00 -9.951461e-02
-1.063315e+00 -9.463802e-02
-1.059225e+00 -8.985746e-02
-1.055135e+00 -8.516064e-02
-1.051045e+00 -8.053495e-02
-1.046955e+00 -7.596607e-02
-1.042864e+00 -7.143795e-02
-1.038774e+00 -6.693773e-02
-1.034684e+00 -6.244770e-02
-1.030594e+00 -5.795018e-02
-1.026504e+00 -5.342743e-02
-1.022414e+00 -4.886062e-02
-1.018324e+00 -4.422975e-02
-1.014234e+00 -3.951481e-02
-1.010144e+00 -3.469555e-02
-1.006054e+00 -2.975154e-02
-1.001964e+00 -2.466235e-02
-9.978734e-01 -1.940796e-02
-9.937834e-01 -1.397196e-02
-9.896933e-01 -8.335745e-03
-9.856032e-01 -2.484776e-03
-9.815131e-01 3.593050e-03
-9.774230e-01 9.909155e-03
-9.733329e-01 1.646971e-02
-9.692428e-01 2.327817e-02
-9.651527e-01 3.033634e-02
-9.610626e-01 3.763959e-02
-9.569725e-01 4.518164e-02
-9.528824e-01 5.295263e-02
-9.487924e-01 6.093684e-02
-9.447023e-01 6.911813e-02
-9.406122e-01 7.747451e-02
-9.365221e-01 8.598127e-02
-9.324320e-01 9.461166e-02
-9.283419e-01 1.033341e-01
-9.242518e-01 1.121159e-01
-9.201617e-01 1.209213e-01
-9.160716e-01 1.297124e-01
-9.119815e-01 1.384505e-01
-9.078914e-01 1.470952e-01
-9.038014e-01 1.556058e-01
-8.997113e-01 1.639434e-01
-8.956212e-01 1.720689e-01
-8.915311e-01 1.799466e-01
-8.874410e-01 1.875438e-01
-8.833509e-01 1.948313e-01
-8.792608e-01 2.017864e-01
-8.751707e-01 2.083897e-01
-8.710806e-01 2.146305e-01
-8.669905e-01 2.205013e-01
-8.629005e-01 2.260032e-01
-8.588104e-01 2.311412e-01
-8.547203e-01 2.359269e-01
-8.506302e-01 2.403759e-01
-8.465401e-01 2.445084e-01
-8.424500e-01 2.483483e-01
-8.383599e-01 2.519232e-01
-8.342698e-01 2.552636e-01
-8.301797e-01 2.584044e-01
-8.260896e-01 2.613839e-01
-8.219995e-01 2.642453e-01
-8.179095e-01 2.670361e-01
-8.138194e-01 2.698096e-01
-8.097293e-01 2.726230e-01
-8.056392e-01 2.755378e-01
-8.015491e-01 2.786173e-01
-7.974590e-01 2.819242e-01
-7.933689e-01 2.855192e-01
-7.892788e-01 2.894556e-01
-7.851887e-01 2.937783e-01
-7.810986e-01 2.985187e-01
-7.770085e-01 3.036958e-01
-7.729185e-01 3.093147e-01
-7.688284e-01 3.153612e-01
-7.647383e-01 3.218075e-01
-7.606482e-01 3.286163e-01
-7.565581e-01 3.357423e-01
-7.524680e-01 3.431303e-01
-7.483779e-01 3.507211e-01
-7.442878e-01 3.584523e-01
-7.401977e-01 3.662587e-01
-7.361076e-01 3.740734e-01
-7.320176e-01 3.818276e-01
-7.279275e-01 3.894516e-01
-7.238374e-01 3.968752e-01
-7.197473e-01 4.040294e-01
-7.156572e-01 4.108500e-01
-7.115671e-01 4.172796e-01
-7.074770e-01 4.232720e-01
-7.033869e-01 4.287954e-01
-6.992968e-01 4.338337e-01
-6.952067e-01 4.383893e-01
-6.911166e-01 4.424824e-01
-6.870266e-01 4.461487e-01
-6.829365e-01 4.494396e-01
-6.788464e-01 4.524177e-01
-6.747563e-01 4.551546e-01
-6.706662e-01 4.577294e-01
-6.665761e-01 4.602262e-01
-6.624860e-01 4.627341e-01
-6.583959e-01 4.653426e-01
-6.543058e-01 4.681384e-01
-6.502157e-01 4.712079e-01
-6.461256e-01 4.746377e-01
-6.420356e-01 4.784926e-01
-6.379455e-01 4.827879e-01
-6.338554e-01 4.875317e-01
-6.297653e-01 4.927319e-01
-6.256752e-01 4.983797e-01
-6.215851e-01 5.044019e-01
-6.174950e-01 5.107104e-01
-6.134049e-01 5.172170e-01
-6.093148e-01 5.238324e-01
-6.052247e-01 5.304607e-01
-6.011346e-01 5.370032e-01
-5.970446e-01 5.433611e-01
-5.929545e-01 5.494394e-01
-5.888644e-01 5.551764e-01
-5.847743e-01 5.605311e-01
-5.806842e-01 5.654627e-01
-5.765941e-01 5.699331e-01
-5.725040e-01 5.739554e-01
-5.684139e-01 5.775901e-01
-5.643238e-01 5.808998e-01
-5.602337e-01 5.839473e-01
-5.561437e-01 5.868143e-01
-5.520536e-01 5.896096e-01
-5.479635e-01 5.924439e-01
-5.438734e-01 5.954277e-01
-5.397833e-01 5.986517e-01
-5.356932e-01 6.021612e-01
-5.316031e-01 6.059957e-01
-5.275130e-01 6.101946e-01
-5.234229e-01 6.147769e-01
-5.193328e-01 6.196879e-01
-5.152427e-01 6.248562e-01
-5.111527e-01 6.302106e-01
-5.070626e-01 6.356769e-01
-5.029725e-01 6.411620e-01
-4.988824e-01 6.465660e-01
-4.947923e-01 6.517890e-01
-4.907022e-01 6.567367e-01
-4.866121e-01 6.613720e-01
-4.825220e-01 6.656904e-01
-4.784319e-01 6.696877e-01
-4.743418e-01 6.733628e-01
-4.702517e-01 6.767664e-01
-4.661617e-01 6.799957e-01
-4.620716e-01 6.831497e-01
-4.579815e-01 6.863267e-01
-4.538914e-01 6.896045e-01
-4.498013e-01 6.930330e-01
-4.457112e-01 6.966601e-01
-4.416211e-01 7.005336e-01
-4.375310e-01 7.046694e-01
-4.334409e-01 7.090166e-01
-4.293508e-01 7.135152e-01
-4.252608e-01 7.181056e-01
-4.211707e-01 7.227265e-01
-4.170806e-01 7.273108e-01
-4.129905e-01 7.317903e-01
-4.089004e-01 7.360968e-01
-4.048103e-01 7.401740e-01
-4.007202e-01 7.440326e-01
-3.966301e-01 7.477064e-01
-3.925400e-01 7.512293e-01
-3.884499e-01 7.546375e-01
-3.843598e-01 7.579880e-01
-3.802698e-01 7.613493e-01
-3.761797e-01 7.647903e-01
-3.720896e-01 7.683767e-01
-3.679995e-01 7.721227e-01
-3.639094e-01 7.759985e-01
-3.598193e-01 7.799728e-01
-3.557292e-01 7.840142e-01
-3.516391e-01 7.880840e-01
-3.475490e-01 7.921336e-01
-3.434589e-01 7.961139e-01
-3.393688e-01 7.999759e-01
-3.352788e-01 8.036950e-01
-3.311887e-01 8.072963e-01
-3.270986e-01 8.108108e-01
-3.230085e-01 8.142696e-01
-3.189184e-01 8.177032e-01
-3.148283e-01 8.211414e-01
-3.107382e-01 8.246134e-01
-3.066481e-01 8.281486e-01
-3.025580e-01 8.317686e-01
-2.984679e-01 8.354533e-01
-2.943778e-01 8.391687e-01
-2.902878e-01 8.428810e-01
-2.861977e-01 8.465583e-01
-2.821076e-01 8.501866e-01
-2.780175e-01 8.537610e-01
-2.739274e-01 8.572771e-01
-2.698373e-01 8.607311e-01
-2.657472e-01 8.641355e-01
-2.616571e-01 8.675163e-01
-2.575670e-01 8.708996e-01
-2.534769e-01 8.743111e-01
-2.493869e-01 8.777591e-01
-2.452968e-01 8.812306e-01
-2.412067e-01 8.847108e-01
-2.371166e-01 8.881852e-01
-2.330265e-01 8.916421e-01
-2.289364e-01 8.950759e-01
-2.248463e-01 8.984816e-01
-2.207562e-01 9.018541e-01
-2.166661e-01 9.051922e-01
-2.125760e-01 9.085063e-01
-2.084859e-01 9.118090e-01
-2.043959e-01 9.151130e-01
-2.003058e-01 9.184284e-01
-1.962157e-01 9.217524e-01
-1.921256e-01 9.250779e-01
-1.880355e-01 9.283980e-01
-1.839454e-01 9.317061e-01
-1.798553e-01 9.350002e-01
-1.757652e-01 9.382807e-01
-1.716751e-01 9.415477e-01
-1.675850e-01 9.448015e-01
-1.634949e-01 9.480424e-01
-1.594049e-01 9.512705e-01
-1.553148e-01 9.544863e-01
-1.512247e-01 9.576899e-01
-1.471346e-01 9.608816e-01
-1.430445e-01 9.640616e-01
-1.389544e-01 9.672302e-01
-1.348643e-01 9.703877e-01
-1.307742e-01 9.735343e-01
-1.266841e-01 9.766703e-01
-1.225940e-01 9.797958e-01
-1.185039e-01 9.829113e-01
-1.144139e-01 9.860168e-01
-1.103238e-01 9.891128e-01
-1.062337e-01 9.921995e-01
-1.021436e-01 9.952770e-01
-9.805350e-02 9.983458e-01
-9.396341e-02 1.001406e+00
-8.987331e-02 1.004458e+00
-8.578322e-02 1.007501e+00
-8.169313e-02 1.010537e+00
-7.760304e-02 1.013564e+00
-7.351295e-02 1.016584e+00
-6.942286e-02 1.019595e+00
-6.533277e-02 1.022598e+00
-6.124268e-02 1.025593e+00
-5.715259e-02 1.028579e+00
-5.306250e-02 1.031557e+00
-4.897241e-02 1.034527e+00
-4.488232e-02 1.037489e+00
-4.079223e-02 1.040443e+00
-3.670214e-02 1.043388e+00
-3.261205e-02 1.046325e+00
-2.852195e-02 1.049253e+00
-2.443186e-02 1.052173e+00
-2.034177e-02 1.055085e+00
-1.625168e-02 1.057988e+00
-1.216159e-02 1.060883e+00
-8.071501e-03 1.063770e+00
-3.981411e-03 1.066648e+00
1.086800e-04 1.069517e+00
4.198771e-03 1.072378e+00
8.288861e-03 1.075231e+00
1.237895e-02 1.078075e+00
1.646904e-02 1.080910e+00
2.055913e-02 1.083737e+00
2.464922e-02 1.086556e+00
2.873931e-02 1.089366e+00
3.282941e-02 1.092168e+00
3.691950e-02 1.094962e+00
4.100959e-02 1.097748e+00
4.509968e-02 1.100525e+00
4.918977e-02 1.103295e+00
5.327986e-02 1.106056e+00
5.736995e-02 1.108810e+00
6.146004e-02 1.111555e+00
6.555013e-02 1.114293e+00
6.964022e-02 1.117023e+00
7.373031e-02 1.119745e+00
7.782040e-02 1.122459e+00
8.191049e-02 1.125166e+00
8.600058e-02 1.127865e+00
9.009067e-02 1.130556e+00
9.418077e-02 1.133240e+00
9.827086e-02 1.135917e+00
1.023609e-01 1.138585e+00
1.064510e-01 1.141247e+00
1.105411e-01 1.143901e+00
1.146312e-01 1.146548e+00
1.187213e-01 1.149187e+00
1.228114e-01 1.151820e+00
1.269015e-01 1.154445e+00
1.309916e-01 1.157062e+00
1.350817e-01 1.159673e+00
1.391718e-01 1.162276e+00
1.432619e-01 1.164872e+00
1.473519e-01 1.167462e+00
1.514420e-01 1.170044e+00
1.555321e-01 1.172619e+00
1.596222e-01 1.175187e+00
1.637123e-01 1.177748e+00
1.678024e-01 1.180302e+00
1.718925e-01 1.182849e+00
1.759826e-01 1.185389e+00
1.800727e-01 1.187922e+00
1.841628e-01 1.190449e+00
1.882529e-01 1.192968e+00
1.923429e-01 1.195481e+00
1.964330e-01 1.197987e+00
2.005231e-01 1.200486e+00
2.046132e-01 1.202979e+00
2.087033e-01 1.205465e+00
2.127934e-01 1.207944e+00
2.168835e-01 1.210417e+00
2.209736e-01 1.212883e+00
2.250637e-01 1.215342e+00
2.291538e-01 1.217795e+00
2.332438e-01 1.220241e+00
2.373339e-01 1.222681e+00
2.414240e-01 1.225114e+00
2.455141e-01 1.227541e+00
2.496042e-01 1.229962e+00
2.536943e-01 1.232376e+00
2.577844e-01 1.234784e+00
2.618745e-01 1.237185e+00
2.659646e-01 1.239580e+00
2.700547e-01 1.241969e+00
2.741448e-01 1.244351e+00
2.782348e-01 1.246728e+00
2.823249e-01 1.249098e+00
2.864150e-01 1.251462e+00
2.905051e-01 1.253819e+00
2.945952e-01 1.256171e+00
2.986853e-01 1.258516e+00
3.027754e-01 1.260856e+00
3.068655e-01 1.263189e+00
3.109556e-01 1.265517e+00
3.150457e-01 1.267838e+00
3.191358e-01 1.270153e+00
3.232258e-01 1.272463e+00
3.273159e-01 1.274766e+00
3.314060e-01 1.277063e+00
3.354961e-01 1.279355e+00
3.395862e-01 1.281641e+00
3.436763e-01 1.283921e+00
3.477664e-01 1.286195e+00
3.518565e-01 1.288463e+00
3.559466e-01 1.290726e+00
3.600367e-01 1.292982e+00
3.641268e-01 1.295234e+00
3.682168e-01 1.297479e+00
3.723069e-01 1.299719e+00
3.763970e-01 1.301953e+00
3.804871e-01 1.304181e+00
3.845772e-01 1.306404e+00
3.886673e-01 1.308621e+00
3.927574e-01 1.310833e+00
3.968475e-01 1.313039e+00
4.009376e-01 1.315239e+00
4.050277e-01 1.317434e+00
4.091177e-01 1.319624e+00
4.132078e-01 1.321808e+00
4.172979e-01 1.323987e+00
4.213880e-01 1.326160e+00
4.254781e-01 1.328328e+00
4.295682e-01 1.330491e+00
4.336583e-01 1.332648e+00
4.377484e-01 1.334800e+00
4.418385e-01 1.336947e+00
4.459286e-01 1.339088e+00
4.500187e-01 1.341224e+00
4.541087e-01 1.343355e+00
4.581988e-01 1.345480e+00
4.622889e-01 1.347601e+00
4.663790e-01 1.349716e+00
4.704691e-01 1.351826e+00
4.745592e-01 1.353931e+00
4.786493e-01 1.356031e+00
4.827394e-01 1.358126e+00
4.868295e-01 1.360215e+00
4.909196e-01 1.362300e+00
4.950097e-01 1.364380e+00
4.990997e-01 1.366454e+00
5.031898e-01 1.368524e+00
5.072799e-01 1.370589e+00
5.113700e-01 1.372648e+00
5.154601e-01 1.374703e+00
5.195502e-01 1.376753e+00
5.236403e-01 1.378798e+00
5.277304e-01 1.380838e+00
5.318205e-01 1.382873e+00
5.359106e-01 1.384904e+00
5.400006e-01 1.386929e+00
5.440907e-01 1.388950e+00
5.481808e-01 1.390966e+00
5.522709e-01 1.392977e+00
5.563610e-01 1.394983e+00
5.604511e-01 1.396985e+00
5.645412e-01 1.398982e+00
5.686313e-01 1.400974e+00
5.727214e-01 1.402961e+00
5.768115e-01 1.404944e+00
5.809016e-01 1.406923e+00
5.849916e-01 1.408896e+00
5.890817e-01 1.410865e+00
5.931718e-01 1.412829e+00
5.972619e-01 1.414789e+00
6.013520e-01 1.416744e+00
6.054421e-01 1.418695e+00
6.095322e-01 1.420641e+00
6.136223e-01 1.422583e+00
6.177124e-01 1.424520e+00
6.218025e-01 1.426452e+00
6.258926e-01 1.428381e+00
6.299826e-01 1.430304e+00
6.340727e-01 1.432224e+00
6.381628e-01 1.434139e+00
6.422529e-01 1.436049e+00
6.463430e-01 1.437955e+00
6.504331e-01 1.439857e+00
6.545232e-01 1.441754e+00
6.586133e-01 1.443648e+00
6.627034e-01 1.445536e+00
6.667935e-01 1.447421e+00
6.708836e-01 1.449301e+00
6.749736e-01 1.451177e+00
6.790637e-01 1.453049e+00
6.831538e-01 1.454917e+00
6.872439e-01 1.456780e+00
6.913340e-01 1.458639e+00
6.954241e-01 1.460494e+00
6.995142e-01 1.462345e+00
7.036043e-01 1.464192e+00
7.076944e-01 1.466034e+00
7.117845e-01 1.467873e+00
7.158745e-01 1.469707e+00
7.199646e-01 1.471537e+00
7.240547e-01 1.473363e+00
7.281448e-01 1.475185e+00
7.322349e-01 1.477004e+00
7.363250e-01 1.478818e+00
7.404151e-01 1.480628e+00
7.445052e-01 1.482434e+00
7.485953e-01 1.484236e+00
7.526854e-01 1.486034e+00
7.567755e-01 1.487828e+00
7.608655e-01 1.489618e+00
7.649556e-01 1.491404e+00
7.690457e-01 1.493186e+00
7.731358e-01 1.494965e+00
7.772259e-01 1.496739e+00
7.813160e-01 1.498510e+00
7.854061e-01 1.500276e+00
7.894962e-01 1.502039e+00
7.935863e-01 1.503798e+00
7.976764e-01 1.505553e+00
8.017665e-01 1.507305e+00
8.058565e-01 1.509052e+00
8.099466e-01 1.510796e+00
8.140367e-01 1.512536e+00
8.181268e-01 1.514272e+00
8.222169e-01 1.516005e+00
8.263070e-01 1.517733e+00
8.303971e-01 1.519458e+00
8.344872e-01 1.521180e+00
8.385773e-01 1.522897e+00
8.426674e-01 1.524611e+00
8.467574e-01 1.526321e+00
8.508475e-01 1.528028e+00
8.549376e-01 1.529731e+00
8.590277e-01 1.531430e+00
8.631178e-01 1.533126e+00
8.672079e-01 1.534818e+00
8.712980e-01 1.536507e+00
8.753881e-01 1.538192e+00
8.794782e-01 1.539873e+00
8.835683e-01 1.541551e+00
8.876584e-01 1.543226e+00
8.917484e-01 1.544896e+00
8.958385e-01 1.546564e+00
8.999286e-01 1.548227e+00
9.040187e-01 1.549888e+00
9.081088e-01 1.551545e+00
9.121989e-01 1.553198e+00
9.162890e-01 1.554848e+00
9.203791e-01 1.556494e+00
9.244692e-01 1.558137e+00
9.285593e-01 1.559777e+00
9.326494e-01 1.561413e+00
9.367394e-01 1.563046e+00
9.408295e-01 1.564675e+00
9.449196e-01 1.566302e+00
9.490097e-01 1.567924e+00
9.530998e-01 1.569544e+00
9.571899e-01 1.571160e+00
9.612800e-01 1.572772e+00
9.653701e-01 1.574382e+00
9.694602e-01 1.575988e+00
9.735503e-01 1.577590e+00
9.776404e-01 1.579190e+00
9.817304e-01 1.580786e+00
9.858205e-01 1.582379e+00
9.899106e-01 1.583968e+00
9.940007e-01 1.585555e+00
9.980908e-01 1.587138e+00
1.002181e+00 1.588718e+00
1.006271e+00 1.590295e+00
1.010361e+00 1.591868e+00
1.014451e+00 1.593438e+00
1.018541e+00 1.595005e+00
1.022631e+00 1.596569e+00
1.026721e+00 1.598130e+00
1.030812e+00 1.599688e+00
1.034902e+00 1.601242e+00
1.038992e+00 1.602794e+00
1.043082e+00 1.604342e+00
1.047172e+00 1.605887e+00
1.051262e+00 1.607429e+00
1.055352e+00 1.608968e+00
1.059442e+00 1.610504e+00
1.063532e+00 1.612036e+00
1.067622e+00 1.613566e+00
1.071712e+00 1.615092e+00
1.075803e+00 1.616616e+00
1.079893e+00 1.618137e+00
1.083983e+00 1.619654e+00
1.088073e+00 1.621169e+00
1.092163e+00 1.622680e+00
1.096253e+00 1.624188e+00
1.100343e+00 1.625694e+00
1.104433e+00 1.627196e+00
1.108523e+00 1.628696e+00
1.112613e+00 1.630192e+00
1.116703e+00 1.631686e+00
1.120794e+00 1.633177e+00
1.124884e+00 1.634664e+00
1.128974e+00 1.636149e+00
1.133064e+00 1.637631e+00
1.137154e+00 1.639110e+00
1.141244e+00 1.640586e+00
1.145334e+00 1.642059e+00
1.149424e+00 1.643529e+00
1.153514e+00 1.644996e+00
1.157604e+00 1.646461e+00
1.161694e+00 1.647923e+00
1.165785e+00 1.649382e+00
1.169875e+00 1.650838e+00
1.173965e+00 1.652291e+00
1.178055e+00 1.653741e+00
1.182145e+00 1.655188e+00
1.186235e+00 1.656633e+00
1.190325e+00 1.658075e+00
1.194415e+00 1.659514e+00
1.198505e+00 1.660950e+00
1.202595e+00 1.662383e+00
1.206685e+00 1.663814e+00
1.210776e+00 1.665242e+00
1.214866e+00 1.666667e+00
1.218956e+00 1.668090e+00
1.223046e+00 1.669509e+00
1.227136e+00 1.670926e+00
1.231226e+00 1.672340e+00
1.235316e+00 1.673752e+00
1.239406e+00 1.675161e+00
1.243496e+00 1.676567e+00
1.247586e+00 1.677970e+00
1.251676e+00 1.679370e+00
1.255767e+00 1.680769e+00
1.259857e+00 1.682164e+00
1.263947e+00 1.683557e+00
1.268037e+00 1.684946e+00
1.272127e+00 1.686334e+00
1.276217e+00 1.687718e+00
1.280307e+00 1.689100e+00
1.284397e+00 1.690480e+00
1.288487e+00 1.691856e+00
1.292577e+00 1.693230e+00
1.296667e+00 1.694602e+00
1.300758e+00 1.695971e+00
1.304848e+00 1.697337e+00
1.308938e+00 1.698700e+00
1.313028e+00 1.700061e+00
1.317118e+00 1.701420e+00
1.321208e+00 1.702776e+00
1.325298e+00 1.704129e+00
1.329388e+00 1.705479e+00
1.333478e+00 1.706828e+00
1.337568e+00 1.708173e+00
1.341658e+00 1.709516e+00
1.345749e+00 1.710857e+00
1.349839e+00 1.712195e+00
1.353929e+00 1.713530e+00
1.358019e+00 1.714863e+00
1.362109e+00 1.716193e+00
1.366199e+00 1.717521e+00
1.370289e+00 1.718846e+00
1.374379e+00 1.720169e+00
1.378469e+00 1.721489e+00
1.382559e+00 1.722806e+00
1.386649e+00 1.724122e+00
1.390740e+00 1.725435e+00
1.394830e+00 1.726745e+00
1.398920e+00 1.728053e+00
1.403010e+00 1.729358e+00
1.407100e+00 1.730661e+00
1.411190e+00 1.731961e+00
1.415280e+00 1.733259e+00
1.419370e+00 1.734554e+00
1.423460e+00 1.735847e+00
1.427550e+00 1.737137e+00
1.431640e+00 1.738425e+00
1.435731e+00 1.739711e+00
1.439821e+00 1.740994e+00
1.443911e+00 1.742275e+00
1.448001e+00 1.743553e+00
1.452091e+00 1.744829e+00
1.456181e+00 1.746102e+00
1.460271e+00 1.747373e+00
1.464361e+00 1.748642e+00
1.468451e+00 1.749908e+00
1.472541e+00 1.751171e+00
1.476631e+00 1.752433e+00
1.480722e+00 1.753692e+00
1.484812e+00 1.754948e+00
1.488902e+00 1.756202e+00
1.492992e+00 1.757454e+00
1.497082e+00 1.758703e+00
1.501172e+00 1.759950e+00
1.505262e+00 1.761194e+00
1.509352e+00 1.762436e+00
1.513442e+00 1.763676e+00
1.517532e+00 1.764913e+00
1.521622e+00 1.766148e+00
1.525713e+00 1.767381e+00
1.529803e+00 1.768611e+00
1.533893e+00 1.769838e+00
1.537983e+00 1.771064e+00
1.542073e+00 1.772287e+00
1.546163e+00 1.773507e+00
1.550253e+00 1.774725e+00
1.554343e+00 1.775941e+00
1.558433e+00 1.777155e+00
1.562523e+00 1.778366e+00
1.566613e+00 1.779574e+00
1.570703e+00 1.780781e+00
1.574794e+00 1.781985e+00
1.578884e+00 1.783186e+00
1.582974e+00 1.784385e+00
1.587064e+00 1.785582e+00
1.591154e+00 1.786777e+00
1.595244e+00 1.787969e+00
1.599334e+00 1.789158e+00
1.603424e+00 1.790346e+00
1.607514e+00 1.791531e+00
1.611604e+00 1.792713e+00
1.615694e+00 1.793893e+00
1.619785e+00 1.795071e+00
1.623875e+00 1.796247e+00
1.627965e+00 1.797420e+00
1.632055e+00 1.798590e+00
1.636145e+00 1.799758e+00
1.640235e+00 1.800924e+00
1.644325e+00 1.802088e+00
1.648415e+00 1.803249e+00
1.652505e+00 1.804407e+00
1.656595e+00 1.805564e+00
1.660685e+00 1.806717e+00
1.664776e+00 1.807869e+00
1.668866e+00 1.809018e+00
1.672956e+00 1.810165e+00
1.677046e+00 1.811309e+00
1.681136e+00 1.812451e+00
1.685226e+00 1.813590e+00
1.689316e+00 1.814727e+00
1.693406e+00 1.815861e+00
1.697496e+00 1.816994e+00
1.701586e+00 1.818123e+00
1.705676e+00 1.819250e+00
1.709767e+00 1.820375e+00
1.713857e+00 1.821497e+00
1.717947e+00 1.822617e+00
1.722037e+00 1.823735e+00
1.726127e+00 1.824849e+00
1.730217e+00 1.825962e+00
1.734307e+00 1.827071e+00
1.738397e+00 1.828179e+00
1.742487e+00 1.829284e+00
1.746577e+00 1.830386e+00
1.750667e+00 1.831486e+00
1.754758e+00 1.832583e+00
1.758848e+00 1.833678e+00
1.762938e+00 1.834771e+00
1.767028e+00 1.835860e+00
1.771118e+00 1.836947e+00
1.775208e+00 1.838032e+00
1.779298e+00 1.839114e+00
1.783388e+00 1.840193e+00
1.787478e+00 1.841270e+00
1.791568e+00 1.842345e+00
1.795658e+00 1.843416e+00
1.799749e+00 1.844485e+00
1.803839e+00 1.845552e+00
1.807929e+00 1.846615e+00
1.812019e+00 1.847676e+00
1.816109e+00 1.848735e+00
1.820199e+00 1.849790e+00
1.824289e+00 1.850843e+00
1.828379e+00 1.851893e+00
1.832469e+00 1.852941e+00
1.836559e+00 1.853986e+00
1.840649e+00 1.855028e+00
1.844740e+00 1.856067e+00
1.848830e+00 1.857104e+00
1.852920e+00 1.858137e+00
1.857010e+00 1.859168e+00
1.861100e+00 1.860196e+00
1.865190e+00 1.861221e+00
1.869280e+00 1.862244e+00
1.873370e+00 1.863263e+00
1.877460e+00 1.864280e+00
1.881550e+00 1.865293e+00
1.885640e+00 1.866304e+00
1.889731e+00 1.867312e+00
1.893821e+00 1.868317e+00
1.897911e+00 1.869319e+00
1.902001e+00 1.870317e+00
1.906091e+00 1.871313e+00
1.910181e+00 1.872306e+00
1.914271e+00 1.873295e+00
1.918361e+00 1.874282e+00
1.922451e+00 1.875265e+00
1.926541e+00 1.876245e+00
1.930631e+00 1.877223e+00
1.934722e+00 1.878197e+00
1.938812e+00 1.879167e+00
1.942902e+00 1.880135e+00
1.946992e+00 1.881099e+00
1.951082e+00 1.882060e+00
1.955172e+00 1.883018e+00
1.959262e+00 1.883972e+00
1.963352e+00 1.884923e+00
1.967442e+00 1.885870e+00
1.971532e+00 1.886815e+00
1.975622e+00 1.887755e+00
1.979713e+00 1.888693e+00
1.983803e+00 1.889626e+00
1.987893e+00 1.890556e+00
1.991983e+00 1.891483e+00
1.996073e+00 1.892406e+00
2.000163e+00 1.893325e+00
2.004253e+00 1.894241e+00
2.008343e+00 1.895152e+00
2.012433e+00 1.896060e+00
2.016523e+00 1.896965e+00
2.020613e+00 1.897865e+00
2.024704e+00 1.898762e+00
2.028794e+00 1.899655e+00
2.032884e+00 1.900544e+00
2.036974e+00 1.901428e+00
2.041064e+00 1.902309e+00
2.045154e+00 1.903186e+00
2.049244e+00 1.904059e+00
2.053334e+00 1.904928e+00
2.057424e+00 1.905792e+00
2.061514e+00 1.906652e+00
2.065604e+00 1.907508e+00
2.069695e+00 1.908360e+00
2.073785e+00 1.909208e+00
2.077875e+00 1.910051e+00
2.081965e+00 1.910889e+00
2.086055e+00 1.911723e+00
2.090145e+00 1.912553e+00
2.094235e+00 1.913377e+00
2.098325e+00 1.914198e+00
2.102415e+00 1.915013e+00
2.106505e+00 1.915824e+00
2.110595e+00 1.916629e+00
2.114686e+00 1.917431e+00
2.118776e+00 1.918227e+00
2.122866e+00 1.919018e+00
2.126956e+00 1.919804e+00
2.131046e+00 1.920585e+00
2.135136e+00 1.921361e+00
2.139226e+00 1.922131e+00
2.143316e+00 1.922897e+00
2.147406e+00 1.923657e+00
2.151496e+00 1.924412e+00
2.155586e+00 1.925161e+00
2.159677e+00 1.925905e+00
2.163767e+00 1.926644e+00
2.167857e+00 1.927376e+00
2.171947e+00 1.928103e+00
2.176037e+00 1.928824e+00
2.180127e+00 1.929540e+00
2.184217e+00 1.930249e+00
2.188307e+00 1.930952e+00
2.192397e+00 1.931649e+00
2.196487e+00 1.932340e+00
2.200577e+00 1.933025e+00
2.204668e+00 1.933703e+00
2.208758e+00 1.934375e+00
2.212848e+00 1.935041e+00
2.216938e+00 1.935700e+00
2.221028e+00 1.936352e+00
2.225118e+00 1.936998e+00
2.229208e+00 1.937637e+00
2.233298e+00 1.938269e+00
2.237388e+00 1.938894e+00
2.241478e+00 1.939513e+00
2.245568e+00 1.940124e+00
2.249659e+00 1.940728e+00
2.253749e+00 1.941325e+00
2.257839e+00 1.941914e+00
2.261929e+00 1.942496e+00
2.266019e+00 1.943070e+00
2.270109e+00 1.943637e+00
2.274199e+00 1.944196e+00
2.278289e+00 1.944746e+00
2.282379e+00 1.945289e+00
2.286469e+00 1.945824e+00
2.290559e+00 1.946351e+00
2.294650e+00 1.946870e+00
2.298740e+00 1.947380e+00
2.302830e+00 1.947881e+00
2.306920e+00 1.948374e+00
2.311010e+00 1.948859e+00
2.315100e+00 1.949334e+00
2.319190e+00 1.949801e+00
2.323280e+00 1.950259e+00
2.327370e+00 1.950707e+00
2.331460e+00 1.951147e+00
2.335550e+00 1.951577e+00
2.339641e+00 1.951998e+00
2.343731e+00 1.952410e+00
2.347821e+00 1.952811e+00
2.351911e+00 1.953204e+00
2.356001e+00 1.953586e+00
2.360091e+00 1.953958e+00
2.364181e+00 1.954320e+00
2.368271e+00 1.954672e+00
2.372361e+00 1.955014e+00
2.376451e+00 1.955345e+00
2.380541e+00 1.955666e+00
2.384632e+00 1.955976e+00
2.388722e+00 1.956276e+00
2.392812e+00 1.956564e+00
2.396902e+00 1.956841e+00
2.400992e+00 1.957108e+00
2.405082e+00 1.957363e+00
2.409172e+00 1.957606e+00
2.413262e+00 1.957839e+00
2.417352e+00 1.958059e+00
2.421442e+00 1.958268e+00
2.425532e+00 1.958465e+00
2.429623e+00 1.958650e+00
2.433713e+00 1.958823e+00
2.437803e+00 1.958984e+00
2.441893e+00 1.959133e+00
2.445983e+00 1.959269e+00
2.450073e+00 1.959393e+00
2.454163e+00 1.959504e+00
2.458253e+00 1.959602e+00
2.462343e+00 1.959688e+00
2.466433e+00 1.959761e+00
2.470523e+00 1.959821e+00
2.474614e+00 1.959868e+00
2.478704e+00 1.959901e+00
2.482794e+00 1.959921e+00
2.486884e+00 1.959928e+00
2.490974e+00 1.959921e+00
2.495064e+00 1.959901e+00
2.499154e+00 1.959867e+00
2.503244e+00 1.959819e+00
2.507334e+00 1.959757e+00
2.511424e+00 1.959681e+00
2.515514e+00 1.959591e+00
2.519605e+00 1.959487e+00
2.523695e+00 1.959369e+00
2.527785e+00 1.959236e+00
2.531875e+00 1.959088e+00
2.535965e+00 1.958926e+00
2.540055e+00 1.958750e+00
2.544145e+00 1.958558e+00
2.548235e+00 1.958353e+00
2.552325e+00 1.958132e+00
2.556415e+00 1.957897e+00
2.560505e+00 1.957648e+00
2.564596e+00 1.957384e+00
2.568686e+00 1.957105e+00
2.572776e+00 1.956811e+00
2.576866e+00 1.956503e+00
2.580956e+00 1.956180e+00
2.585046e+00 1.955843e+00
2.589136e+00 1.955490e+00
2.593226e+00 1.955123e+00
2.597316e+00 1.954741e+00
2.601406e+00 1.954345e+00
2.605496e+00 1.953933e+00
2.609587e+00 1.953507e+00
2.613677e+00 1.953066e+00
2.617767e+00 1.952610e+00
2.621857e+00 1.952139e+00
2.625947e+00 1.951653e+00
2.630037e+00 1.951153e+00
2.634127e+00 1.950638e+00
2.638217e+00 1.950109e+00
2.642307e+00 1.949565e+00
2.646397e+00 1.949007e+00
2.650487e+00 1.948436e+00
2.654578e+00 1.947850e+00
2.658668e+00 1.947252e+00
2.662758e+00 1.946639e+00
2.666848e+00 1.946014e+00
2.670938e+00 1.945376e+00
2.675028e+00 1.944725e+00
2.679118e+00 1.944061e+00
2.683208e+00 1.943385e+00
2.687298e+00 1.942696e+00
2.691388e+00 1.941995e+00
2.695478e+00 1.941283e+00
2.699569e+00 1.940558e+00
2.703659e+00 1.939822e+00
2.707749e+00 1.939075e+00
2.711839e+00 1.938316e+00
2.715929e+00 1.937546e+00
2.720019e+00 1.936766e+00
2.724109e+00 1.935974e+00
2.728199e+00 1.935172e+00
2.732289e+00 1.934361e+00
2.736379e+00 1.933540e+00
2.740469e+00 1.932709e+00
2.744560e+00 1.931869e+00
2.748650e+00 1.931022e+00
2.752740e+00 1.930166e+00
2.756830e+00 1.929302e+00
2.760920e+00 1.928431e+00
2.765010e+00 1.927552e+00
2.769100e+00 1.926668e+00
2.773190e+00 1.925776e+00
2.777280e+00 1.924879e+00
2.781370e+00 1.923977e+00
2.785460e+00 1.923069e+00
2.789551e+00 1.922156e+00
2.793641e+00 1.921239e+00
2.797731e+00 1.920318e+00
2.801821e+00 1.919394e+00
2.805911e+00 1.918466e+00
2.810001e+00 1.917535e+00
2.814091e+00 1.916601e+00
2.818181e+00 1.915665e+00
2.822271e+00 1.914728e+00
2.826361e+00 1.913788e+00
2.830451e+00 1.912847e+00
2.834542e+00 1.911905e+00
2.838632e+00 1.910962e+00
2.842722e+00 1.910019e+00
2.846812e+00 1.909075e+00
2.850902e+00 1.908131e+00
2.854992e+00 1.907186e+00
2.859082e+00 1.906243e+00
2.863172e+00 1.905299e+00
2.867262e+00 1.904357e+00
2.871352e+00 1.903415e+00
2.875442e+00 1.902475e+00
2.879533e+00 1.901536e+00
2.883623e+00 1.900599e+00
2.887713e+00 1.899663e+00
2.891803e+00 1.898730e+00
2.895893e+00 1.897800e+00
2.899983e+00 1.896872e+00
2.904073e+00 1.895947e+00
2.908163e+00 1.895026e+00
2.912253e+00 1.894108e+00
2.916343e+00 1.893193e+00
2.920433e+00 1.892282e+00
2.924524e+00 1.891375e+00
2.928614e+00 1.890471e+00
2.932704e+00 1.889571e+00
2.936794e+00 1.888674e+00
2.940884e+00 1.887781e+00
2.944974e+00 1.886891e+00
2.949064e+00 1.886005e+00
2.953154e+00 1.885121e+00
2.957244e+00 1.884241e+00
2.961334e+00 1.883364e+00
2.965424e+00 1.882490e+00
2.969515e+00 1.881619e+00
2.973605e+00 1.880751e+00
2.977695e+00 1.879886e+00
2.981785e+00 1.879023e+00
2.985875e+00 1.878164e+00
2.989965e+00 1.877307e+00
2.994055e+00 1.876453e+00
2.998145e+00 1.875601e+00
3.002235e+00 1.874752e+00
3.006325e+00 1.873906e+00
3.010415e+00 1.873061e+00
3.014506e+00 1.872220e+00
3.018596e+00 1.871380e+00
3.022686e+00 1.870544e+00
3.026776e+00 1.869710e+00
3.030866e+00 1.868879e+00
3.034956e+00 1.868051e+00
3.039046e+00 1.867226e+00
3.043136e+00 1.866405e+00
3.047226e+00 1.865587e+00
3.051316e+00 1.864773e+00
3.055406e+00 1.863962e+00
3.059497e+00 1.863155e+00
3.063587e+00 1.862353e+00
3.067677e+00 1.861554e+00
3.071767e+00 1.860760e+00
3.075857e+00 1.859970e+00
3.079947e+00 1.859185e+00
3.084037e+00 1.858405e+00
3.088127e+00 1.857629e+00
3.092217e+00 1.856859e+00
3.096307e+00 1.856093e+00
3.100397e+00 1.855333e+00
3.104488e+00 1.854578e+00
3.108578e+00 1.853829e+00
3.112668e+00 1.853085e+00
3.116758e+00 1.852347e+00
3.120848e+00 1.851615e+00
3.124938e+00 1.850888e+00
3.129028e+00 1.850167e+00
3.133118e+00 1.849451e+00
3.137208e+00 1.848741e+00
3.141298e+00 1.848037e+00
3.145388e+00 1.847339e+00
3.149478e+00 1.846646e+00
3.153569e+00 1.845958e+00
3.157659e+00 1.845276e+00
3.161749e+00 1.844600e+00
3.165839e+00 1.843930e+00
3.169929e+00 1.843265e+00
3.174019e+00 1.842606e+00
3.178109e+00 1.841952e+00
3.182199e+00 1.841304e+00
3.186289e+00 1.840662e+00
3.190379e+00 1.840025e+00
3.194469e+00 1.839394e+00
3.198560e+00 1.838769e+00
3.202650e+00 1.838149e+00
3.206740e+00 1.837534e+00
3.210830e+00 1.836926e+00
3.214920e+00 1.836323e+00
3.219010e+00 1.835726e+00
3.223100e+00 1.835134e+00
3.227190e+00 1.834548e+00
3.231280e+00 1.833968e+00
3.235370e+00 1.833394e+00
3.239460e+00 1.832826e+00
3.243551e+00 1.832264e+00
3.247641e+00 1.831707e+00
3.251731e+00 1.831157e+00
3.255821e+00 1.830613e+00
3.259911e+00 1.830075e+00
3.264001e+00 1.829542e+00
3.268091e+00 1.829016e+00
3.272181e+00 1.828497e+00
3.276271e+00 1.827983e+00
3.280361e+00 1.827476e+00
3.284451e+00 1.826975e+00
3.288542e+00 1.826480e+00
3.292632e+00 1.825991e+00
3.296722e+00 1.825509e+00
3.300812e+00 1.825034e+00
3.304902e+00 1.824564e+00
3.308992e+00 1.824102e+00
3.313082e+00 1.823645e+00
3.317172e+00 1.823196e+00
3.321262e+00 1.822752e+00
3.325352e+00 1.822315e+00
3.329442e+00 1.821885e+00
3.333533e+00 1.821461e+00
3.337623e+00 1.821043e+00
3.341713e+00 1.820632e+00
3.345803e+00 1.820227e+00
3.349893e+00 1.819829e+00
3.353983e+00 1.819437e+00
3.358073e+00 1.819052e+00
3.362163e+00 1.818673e+00
3.366253e+00 1.818300e+00
3.370343e+00 1.817934e+00
3.374433e+00 1.817574e+00
3.378524e+00 1.817221e+00
3.382614e+00 1.816874e+00
3.386704e+00 1.816533e+00
3.390794e+00 1.816199e+00
3.394884e+00 1.815871e+00
3.398974e+00 1.815550e+00
3.403064e+00 1.815235e+00
3.407154e+00 1.814927e+00
3.411244e+00 1.814625e+00
3.415334e+00 1.814329e+00
3.419424e+00 1.814040e+00
3.423515e+00 1.813757e+00
3.427605e+00 1.813480e+00
3.431695e+00 1.813210e+00
3.435785e+00 1.812946e+00
3.439875e+00 1.812689e+00
3.443965e+00 1.812438e+00
3.448055e+00 1.812193e+00
3.452145e+00 1.811954e+00
3.456235e+00 1.811722e+00
3.460325e+00 1.811497e+00
3.464415e+00 1.811277e+00
3.468506e+00 1.811064e+00
3.472596e+00 1.810858e+00
3.476686e+00 1.810657e+00
3.480776e+00 1.810463e+00
3.484866e+00 1.810276e+00
3.488956e+00 1.810094e+00
3.493046e+00 1.809919e+00
3.497136e+00 1.809751e+00
3.501226e+00 1.809588e+00
3.505316e+00 1.809432e+00
3.509406e+00 1.809282e+00
3.513497e+00 1.809138e+00
3.517587e+00 1.809001e+00
3.521677e+00 1.808870e+00
3.525767e+00 1.808745e+00
3.529857e+00 1.808626e+00
3.533947e+00 1.808513e+00
3.538037e+00 1.808406e+00
3.542127e+00 1.808306e+00
3.546217e+00 1.808211e+00
3.550307e+00 1.808123e+00
3.554397e+00 1.808040e+00
3.558488e+00 1.807964e+00
3.562578e+00 1.807893e+00
3.566668e+00 1.807829e+00
3.570758e+00 1.807770e+00
3.574848e+00 1.807718e+00
3.578938e+00 1.807671e+00
3.583028e+00 1.807630e+00
3.587118e+00 1.807595e+00
3.591208e+00 1.807566e+00
3.595298e+00 1.807543e+00
3.599388e+00 1.807525e+00
3.603479e+00 1.807514e+00
3.607569e+00 1.807508e+00
3.611659e+00 1.807507e+00
3.615749e+00 1.807513e+00
3.619839e+00 1.807524e+00
3.623929e+00 1.807540e+00
3.628019e+00 1.807563e+00
3.632109e+00 1.807590e+00
3.636199e+00 1.807624e+00
3.640289e+00 1.807663e+00
3.644379e+00 1.807707e+00
3.648470e+00 1.807757e+00
3.652560e+00 1.807812e+00
3.656650e+00 1.807873e+00
3.660740e+00 1.807939e+00
3.664830e+00 1.808010e+00
3.668920e+00 1.808087e+00
3.673010e+00 1.808169e+00
3.677100e+00 1.808256e+00
3.681190e+00 1.808349e+00
3.685280e+00 1.808446e+00
3.689370e+00 1.808549e+00
3.693461e+00 1.808657e+00
3.697551e+00 1.808770e+00
3.701641e+00 1.808889e+00
3.705731e+00 1.809012e+00
3.709821e+00 1.809140e+00
3.713911e+00 1.809273e+00
3.718001e+00 1.809411e+00
3.722091e+00 1.809554e+00
3.726181e+00 1.809702e+00
3.730271e+00 1.809855e+00
3.734361e+00 1.810012e+00
3.738452e+00 1.810174e+00
3.742542e+00 1.810341e+00
3.746632e+00 1.810513e+00
3.750722e+00 1.810689e+00
3.754812e+00 1.810870e+00
3.758902e+00 1.811055e+00
3.762992e+00 1.811244e+00
3.767082e+00 1.811439e+00
3.771172e+00 1.811637e+00
3.775262e+00 1.811840e+00
3.779352e+00 1.812048e+00
3.783443e+00 1.812259e+00
3.787533e+00 1.812475e+00
3.791623e+00 1.812695e+00
3.795713e+00 1.812920e+00
3.799803e+00 1.813148e+00
3.803893e+00 1.813381e+00
3.807983e+00 1.813617e+00
3.812073e+00 1.813858e+00
3.816163e+00 1.814103e+00
3.820253e+00 1.814352e+00
3.824343e+00 1.814604e+00
3.828434e+00 1.814861e+00
3.832524e+00 1.815121e+00
3.836614e+00 1.815385e+00
3.840704e+00 1.815653e+00
3.844794e+00 1.815924e+00
3.848884e+00 1.816200e+00
3.852974e+00 1.816478e+00
3.857064e+00 1.816761e+00
3.861154e+00 1.817047e+00
3.865244e+00 1.817336e+00
3.869334e+00 1.817629e+00
3.873425e+00 1.817926e+00
3.877515e+00 1.818226e+00
3.881605e+00 1.818529e+00
3.885695e+00 1.818836e+00
3.889785e+00 1.819145e+00
3.893875e+00 1.819458e+00
3.897965e+00 1.819775e+00
3.902055e+00 1.820094e+00
3.906145e+00 1.820417e+00
3.910235e+00 1.820742e+00
3.914325e+00 1.821071e+00
3.918416e+00 1.821403e+00
3.922506e+00 1.821737e+00
3.926596e+00 1.822075e+00
3.930686e+00 1.822416e+00
3.934776e+00 1.822759e+00
3.938866e+00 1.823105e+00
3.942956e+00 1.823454e+00
3.947046e+00 1.823806e+00
3.951136e+00 1.824160e+00
3.955226e+00 1.824518e+00
3.959316e+00 1.824877e+00
3.963407e+00 1.825240e+00
3.967497e+00 1.825605e+00
3.971587e+00 1.825972e+00
3.975677e+00 1.826342e+00
3.979767e+00 1.826715e+00
3.983857e+00 1.827089e+00
3.987947e+00 1.827467e+00
3.992037e+00 1.827846e+00
3.996127e+00 1.828228e+00
4.000217e+00 1.828612e+00
4.004307e+00 1.828998e+00
4.008398e+00 1.829387e+00
4.012488e+00 1.829778e+00
4.016578e+00 1.830171e+00
4.020668e+00 1.830566e+00
4.024758e+00 1.830963e+00
4.028848e+00 1.831362e+00
4.032938e+00 1.831763e+00
4.037028e+00 1.832166e+00
4.041118e+00 1.832571e+00
4.045208e+00 1.832978e+00
4.049298e+00 1.833387e+00
4.053389e+00 1.833798e+00
4.057479e+00 1.834211e+00
4.061569e+00 1.834625e+00
4.065659e+00 1.835041e+00
4.069749e+00 1.835459e+00
4.073839e+00 1.835879e+00
4.077929e+00 1.836300e+00
4.082019e+00 1.836723e+00
4.086109e+00 1.837147e+00
4.090199e+00 1.837573e+00
4.094289e+00 1.838000e+00
4.098380e+00 1.838430e+00
4.102470e+00 1.838860e+00
4.106560e+00 1.839292e+00
4.110650e+00 1.839726e+00
4.114740e+00 1.840161e+00
4.118830e+00 1.840597e+00
4.122920e+00 1.841034e+00
4.127010e+00 1.841473e+00
4.131100e+00 1.841914e+00
4.135190e+00 1.842355e+00
4.139280e+00 1.842798e+00
4.143371e+00 1.843242e+00
4.147461e+00 1.843687e+00
4.151551e+00 1.844134e+00
4.155641e+00 1.844581e+00
4.159731e+00 1.845030e+00
4.163821e+00 1.845480e+00
4.167911e+00 1.845931e+00
4.172001e+00 1.846383e+00
4.176091e+00 1.846836e+00
